File: C:\MED-PC\Data\2017-11-21_10h44m_Subject 175.txt


Start Date: 11/21/17
End Date: 11/21/17
Subject: 175
Experiment: ACI JAX 11.21
Group: 0
Box: 1
Start Time: 10:44:55
End Time: 11:03:21
MSN: Discrimination Tone Training_v3
C:      25.000
D:      25.000
E:       0.000
F:       1.000
G:       2.000
H:       3.000
I:     700.000
J:       0.000
L:       0.000
M:      50.000
N:       2.000
O:       0.000
P:       0.000
Q:       0.000
R:       0.000
S:       0.000
U:       0.000
V:       0.000
W:       0.000
X:       0.000
Y:       0.000
Z:       0.000
A:
     0:     2000.000       75.000       15.000     9000.000       63.000       15.000       10.000        1.000
B:
     0:        1.000        2.000        4.710        0.000        0.000        0.000        0.000        0.000        1.000        0.000        1.000        0.000        0.180        0.000
    14:        2.000        1.000        0.000        0.000        0.000        0.000        0.000        0.000        0.000        0.000        2.000        0.000        7.630        0.000
    28:        3.000        2.000       33.000        0.000        0.000        0.000        0.000        0.000        1.000        0.000        0.000        0.000        0.000        0.000
    42:        4.000        2.000        2.540        0.000        0.000        0.000        0.000        0.000        1.000        0.000        0.000        0.000        0.000        0.000
    56:        5.000        2.000        2.000        0.000        0.000        0.000        0.000        0.000        1.000        0.000        0.000        0.000        0.000        0.000
    70:        6.000        2.000        5.590        0.000        0.000        0.000        0.000        0.000        1.000        0.000        0.000        0.000        0.000        0.000
    84:        7.000        1.000        0.000        0.000        0.000        0.000        0.000        0.000        0.000        0.000        0.000        1.000        0.000        0.000
    98:        8.000        1.000        0.000        1.000        0.000        0.000        0.000        0.000        0.000        0.000        0.000        1.000        0.000        0.000
   112:        9.000        2.000        0.000        1.000        0.000        0.000        0.000        0.000        0.000        0.000        0.000        1.000        0.000        0.000
   126:       10.000        2.000       92.010        0.000        0.000        2.000        0.000        0.000        1.000        0.000        1.000        0.000      148.660        0.000
   140:       11.000        2.000        2.380        0.000        0.000        0.000        0.000        0.000        1.000        0.000        0.000        0.000        0.000        0.000
   154:       12.000        2.000        2.170        0.000        0.000        0.000        0.000        0.000        1.000        0.000        0.000        0.000        0.000        0.000
   168:       13.000        1.000        0.000        0.000        0.000        0.000        0.000        0.000        0.000        0.000        1.000        0.000       28.920        0.000
   182:       14.000        1.000       34.460        0.000        5.000        0.000        0.000      264.180        1.000        0.000        0.000        0.000        0.000        0.000
   196:       15.000        1.000        2.230        0.000        1.000        0.000        0.000        7.070        1.000        0.000        0.000        0.000        0.000        0.000
   210:       16.000        2.000        0.000        1.000        0.000        0.000        0.000        0.000        0.000        0.000        1.000        0.000       43.060        0.000
   224:       17.000        1.000        0.000        1.000        0.000        0.000        0.000        0.000        0.000        0.000        1.000        0.000        7.340        0.000
   238:       18.000        1.000       54.910        0.000        4.000        0.000        0.000        1.400        1.000        0.000        0.000        0.000        0.000        0.000
   252:       19.000        1.000        5.880        0.000        2.000        0.000        0.000        0.830        1.000        0.000        0.000        0.000        0.000        0.000
   266:       20.000        2.000        8.860        0.000        0.000        0.000        0.000        0.000        1.000        0.000        1.000        0.000       33.760        0.000
   280:       21.000        2.000        7.470        0.000        0.000        0.000        0.000        0.000        1.000        0.000        0.000        0.000        0.000        0.000
   294:       22.000        1.000        6.530        0.000        2.000        0.000        0.000       37.280        1.000        0.000        1.000        0.000       20.840      420.200
   308:       23.000        1.000        3.310        0.000        3.000        0.000        0.000        0.700        1.000        0.000        0.000        0.000        0.000        0.000
   322:       24.000        1.000        0.430        0.000        2.000        0.000        0.000        1.290        1.000        0.000        0.000        0.000        0.000        0.000
   336:       25.000        1.000        0.260        0.000        6.000        0.000        0.000        1.280        1.000        0.000        0.000        0.000        0.000        0.000
   350:       26.000        1.000       10.550        1.000        2.000        0.000        0.000        0.000        1.000        0.000        0.000        0.000        0.000        0.000
   364:       27.000        1.000        0.610        0.000        1.000        0.000        0.000       12.670        1.000        0.000        0.000        0.000        0.000        0.000
   378:       28.000        1.000        3.020        1.000        2.000        0.000        0.000        0.000        1.000        0.000        0.000        0.000        0.000        0.000
   392:       29.000        2.000        0.000        0.000        0.000        0.000        0.000        0.000        0.000        0.000        0.000        1.000        0.000        0.000
   406:       30.000        2.000       27.230        0.000        0.000        0.000        0.000        0.000        1.000        0.000        0.000        0.000        0.000        0.000
   420:       31.000        1.000        0.000        0.000        0.000        0.000        0.000        0.000        0.000        0.000        2.000        0.000      132.710        0.000
   434:       32.000        2.000       27.580        0.000        0.000        0.000        0.000        0.000        1.000        0.000        0.000        0.000        0.000        0.000
   448:       33.000        2.000        1.890        0.000        0.000        0.000        0.000        0.000        1.000        0.000        0.000        0.000        0.000        0.000
   462:       34.000        2.000        4.370        0.000        0.000        0.000        0.000        0.000        1.000        0.000        0.000        0.000        0.000        0.000
   476:       35.000        2.000        1.910        0.000        0.000        0.000        0.000        0.000        1.000        0.000        0.000        0.000        0.000        0.000
   490:       36.000        2.000        2.320        0.000        0.000        0.000        0.000        0.000        1.000        0.000        0.000        0.000        0.000        0.000
   504:       37.000        2.000        2.520        0.000        1.000        0.000        0.000      149.230        1.000        0.000        0.000        0.000        0.000        0.000
   518:       38.000        1.000        0.000        0.000        0.000        0.000        1.000        0.000        0.000        0.000        1.000        0.000       88.770      120.920
   532:       39.000        1.000       37.850        0.000        0.000        0.000        0.000        0.000        1.000        0.000        2.000        0.000        5.820        0.000
   546:       40.000        1.000        0.720        0.000        1.000        0.000        0.000       18.080        1.000        0.000        0.000        0.000        0.000        0.000
   560:       41.000        1.000        4.100        1.000        2.000        0.000        0.000        0.000        1.000        0.000        0.000        0.000        0.000        0.000
   574:       42.000        2.000        8.290        0.000        0.000        0.000        0.000        0.000        1.000        0.000        1.000        0.000       28.250        0.000
   588:       43.000        2.000        0.170        0.000        0.000        0.000        0.000        0.000        1.000        0.000        0.000        0.000        0.000        0.000
   602:       44.000        2.000       12.370        0.000        0.000        0.000        0.000        0.000        1.000        0.000        0.000        0.000        0.000        0.000
   616:       45.000        1.000        0.000        0.000        0.000        0.000        0.000        0.000        0.000        0.000        2.000        0.000       40.500        0.000
   630:       46.000        2.000       29.050        0.000        2.000        0.000        0.000       96.620        1.000        0.000        0.000        0.000        0.000        0.000
   644:       47.000        1.000        4.540        1.000        2.000        0.000        0.000        0.000        1.000        0.000        0.000        0.000        0.000        0.000
   658:       48.000        1.000        2.190        0.000        0.000        0.000        0.000        0.000        1.000        0.000        0.000        0.000        0.000        0.000
   672:       49.000        1.000        2.880        0.000        2.000        0.000        0.000       28.020        1.000        0.000        0.000        0.000        0.000        0.000
   686:       50.000        2.000        0.000        1.000        0.000        0.000        0.000        0.000        0.000        0.000        0.000        1.000        0.000        0.000
K:
     0:        1.000        2.000
T:
     0:       25.120       28.030       81.770      205.620
