File: C:\MED-PC\Data\2017-11-29_11h10m_Subject 175.txt


Start Date: 11/29/17
End Date: 11/29/17
Subject: 175
Experiment: 0
Group: 0
Box: 1
Start Time: 11:10:44
End Time: 11:24:32
MSN: Discrimination Tone Training_v3
C:      25.000
D:      25.000
E:       0.000
F:       1.000
G:       2.000
H:       2.000
I:     700.000
J:       0.000
L:       0.000
M:      50.000
N:       2.000
O:       0.000
P:       0.000
Q:       0.000
R:       0.000
S:       0.000
U:       0.000
V:       0.000
W:       0.000
X:       0.000
Y:       0.000
Z:       0.000
A:
     0:     2000.000       75.000       10.000     9000.000       63.000       10.000       10.000        1.000
B:
     0:        1.000        1.000        5.970        0.000        2.000        0.000        0.000        1.520        1.000        0.000        2.000        0.000        0.720        0.000
    14:        2.000        2.000        4.330        0.000        0.000        0.000        0.000        0.000        1.000        0.000        0.000        0.000        0.000        0.000
    28:        3.000        1.000        2.320        0.000        3.000        0.000        0.000        0.000        1.000        0.000        0.000        0.000        0.000        0.000
    42:        4.000        1.000        0.000        0.000        4.000        0.000        0.000       25.520        1.000        0.000        0.000        0.000        0.000        0.000
    56:        5.000        1.000        2.650        0.000        1.000        0.000        0.000        0.940        1.000        0.000        0.000        0.000        0.000        0.000
    70:        6.000        2.000        4.150        0.000        0.000        0.000        0.000        0.000        1.000        0.000        1.000        0.000       53.740        0.000
    84:        7.000        1.000        0.290        0.000        1.000        0.000        0.000       12.290        1.000        0.000        0.000        0.000        0.000        0.000
    98:        8.000        1.000        1.820        0.000        4.000        0.000        0.000        0.830        1.000        0.000        0.000        0.000        0.000        0.000
   112:        9.000        2.000        5.830        0.000        0.000        0.000        0.000        0.000        1.000        0.000        0.000        0.000        0.000        0.000
   126:       10.000        1.000        4.120        0.000        3.000        0.000        0.000       23.220        1.000        0.000        1.000        0.000       41.780      138.100
   140:       11.000        2.000        4.060        0.000        0.000        0.000        0.000        0.000        1.000        0.000        0.000        0.000        0.000        0.000
   154:       12.000        2.000        3.410        0.000        0.000        0.000        0.000        0.000        1.000        0.000        0.000        0.000        0.000        0.000
   168:       13.000        1.000        1.790        0.000        1.000        0.000        0.000       28.310        1.000        0.000        0.000        0.000        0.000        0.000
   182:       14.000        1.000        0.590        0.000        2.000        0.000        0.000        1.260        1.000        0.000        0.000        0.000        0.000        0.000
   196:       15.000        1.000        3.650        0.000        1.000        0.000        0.000        1.110        1.000        0.000        0.000        0.000        0.000        0.000
   210:       16.000        1.000        0.860        0.000        1.000        0.000        0.000        0.810        1.000        0.000        0.000        0.000        0.000        0.000
   224:       17.000        2.000        7.550        0.000        0.000        0.000        0.000        0.000        1.000        0.000        1.000        0.000       80.880        0.000
   238:       18.000        1.000        1.570        0.000        3.000        0.000        0.000       13.650        1.000        0.000        0.000        0.000        0.000        0.000
   252:       19.000        2.000        3.920        0.000        0.000        0.000        0.000        0.000        1.000        0.000        0.000        0.000        0.000        0.000
   266:       20.000        1.000        5.660        0.000        2.000        0.000        0.000       17.740        1.000        0.000        1.000        0.000       30.050       52.500
   280:       21.000        2.000        4.570        0.000        0.000        0.000        0.000        0.000        1.000        0.000        0.000        0.000        0.000        0.000
   294:       22.000        2.000        3.780        0.000        0.000        0.000        0.000        0.000        1.000        0.000        0.000        0.000        0.000        0.000
   308:       23.000        2.000        5.180        0.000        0.000        0.000        0.000        0.000        1.000        0.000        0.000        0.000        0.000        0.000
   322:       24.000        2.000        2.910        0.000        0.000        0.000        0.000        0.000        1.000        0.000        0.000        0.000        0.000        0.000
   336:       25.000        1.000        1.200        0.000        5.000        0.000        0.000       58.470        1.000        0.000        0.000        0.000        0.000        0.000
   350:       26.000        1.000        2.110        0.000        3.000        0.000        0.000        0.890        1.000        0.000        0.000        0.000        0.000        0.000
   364:       27.000        1.000        0.510        0.000        1.000        0.000        0.000        0.970        1.000        0.000        0.000        0.000        0.000        0.000
   378:       28.000        2.000        6.330        0.000        0.000        0.000        0.000        0.000        1.000        0.000        0.000        0.000        0.000        0.000
   392:       29.000        1.000        6.560        0.000        2.000        0.000        0.000       18.870        1.000        0.000        1.000        0.000      117.660        5.010
   406:       30.000        2.000        4.440        0.000        0.000        0.000        0.000        0.000        1.000        0.000        0.000        0.000        0.000        0.000
   420:       31.000        2.000        5.230        0.000        0.000        0.000        0.000        0.000        1.000        0.000        0.000        0.000        0.000        0.000
   434:       32.000        2.000        2.340        0.000        0.000        0.000        0.000        0.000        1.000        0.000        0.000        0.000        0.000        0.000
   448:       33.000        2.000        4.080        0.000        0.000        0.000        0.000        0.000        1.000        0.000        2.000        0.000       45.160        0.000
   462:       34.000        2.000        4.940        0.000        0.000        0.000        0.000        0.000        1.000        0.000        0.000        0.000        0.000        0.000
   476:       35.000        2.000        3.960        0.000        0.000        0.000        0.000        0.000        1.000        0.000        0.000        0.000        0.000        0.000
   490:       36.000        1.000        0.750        0.000        2.000        0.000        0.000       88.430        1.000        0.000        0.000        0.000        0.000        0.000
   504:       37.000        1.000        0.130        0.000        2.000        0.000        0.000        0.900        1.000        0.000        0.000        0.000        0.000        0.000
   518:       38.000        1.000        0.440        0.000        4.000        0.000        0.000        0.000        1.000        0.000        0.000        0.000        0.000        0.000
   532:       39.000        2.000        4.680        0.000        0.000        0.000        0.000        0.000        1.000        0.000        0.000        0.000        0.000        0.000
   546:       40.000        1.000        0.770        0.000        3.000        0.000        0.000       28.650        1.000        0.000        0.000        0.000        0.000        0.000
   560:       41.000        1.000        4.710        0.000        1.000        0.000        0.000        1.320        1.000        0.000        1.000        0.000       95.710      113.960
   574:       42.000        1.000        1.000        0.000        2.000        0.000        0.000        1.050        1.000        0.000        0.000        0.000        0.000        0.000
   588:       43.000        2.000        0.000        1.000        0.000        0.000        0.000        0.000        0.000        0.000        0.000        1.000        0.000        0.000
   602:       44.000        2.000       21.920        0.000        0.000        0.000        0.000        0.000        1.000        0.000        0.000        0.000        0.000        0.000
   616:       45.000        1.000        0.000        0.000        0.000        0.000        0.000        0.000        0.000        0.000        0.000        1.000        0.000        0.000
   630:       46.000        1.000       27.790        0.000        1.000        0.000        0.000       40.170        1.000        0.000        0.000        0.000        0.000        0.000
   644:       47.000        2.000        1.620        0.000        0.000        0.000        0.000        0.000        1.000        0.000        0.000        0.000        0.000        0.000
   658:       48.000        2.000        2.220        0.000        0.000        0.000        0.000        0.000        1.000        0.000        0.000        0.000        0.000        0.000
   672:       49.000        2.000        1.890        0.000        0.000        0.000        0.000        0.000        1.000        0.000        0.000        0.000        0.000        0.000
   686:       50.000        2.000        2.070        0.000        0.000        0.000        0.000        0.000        1.000        0.000        0.000        0.000        0.000        0.000
K:
     0:        1.000        2.000
T:
     0:        2.080       49.280      134.710      113.970
