File: C:\MED-PC\Data\2017-11-20_10h24m_Subject 418.txt


Start Date: 11/20/17
End Date: 11/20/17
Subject: 418
Experiment: ACI JAX 11.20
Group: 0
Box: 2
Start Time: 10:24:26
End Time: 10:46:42
MSN: Discrimination Tone Training_v3
C:      24.000
D:      25.000
E:       0.000
F:       1.000
G:       2.000
H:       2.000
I:     686.000
J:       0.000
L:       0.000
M:      50.000
N:       1.000
O:       0.000
P:       0.000
Q:       0.000
R:       0.000
S:       0.000
U:       0.000
V:       0.000
W:       0.000
X:       0.000
Y:       0.000
Z:       0.000
A:
     0:     2000.000       75.000       15.000     9000.000       63.000       15.000       10.000        1.000
B:
     0:        1.000        2.000        5.480        0.000        0.000        0.000        0.000        0.000        1.000        0.000        0.000        0.000        0.000        0.000
    14:        2.000        2.000        0.000        0.000        0.000        0.000        0.000        0.000        0.000        0.000        0.000        1.000        0.000        0.000
    28:        3.000        1.000        0.000        0.000        0.000        0.000        0.000        0.000        0.000        0.000        0.000        1.000        0.000        0.000
    42:        4.000        2.000        0.000        0.000        0.000        0.000        0.000        0.000        0.000        0.000        0.000        1.000        0.000        0.000
    56:        5.000        2.000        0.000        0.000        0.000        0.000        0.000        0.000        0.000        0.000        0.000        1.000        0.000        0.000
    70:        6.000        1.000        0.000        0.000        0.000        0.000        0.000        0.000        0.000        0.000        0.000        1.000        0.000        0.000
    84:        7.000        1.000        0.000        0.000        0.000        0.000        0.000        0.000        0.000        0.000        1.000        0.000      154.540        0.000
    98:        8.000        2.000      167.730        0.000        0.000        0.000        0.000        0.000        1.000        0.000        0.000        0.000        0.000        0.000
   112:        9.000        1.000        0.000        0.000        0.000        0.000        0.000        0.000        0.000        0.000        0.000        1.000        0.000        0.000
   126:       10.000        2.000       31.050        0.000        0.000        0.000        0.000        0.000        1.000        0.000        0.000        0.000        0.000        0.000
   140:       11.000        1.000        0.000        4.000        0.000        1.000        0.000        0.000        0.000        0.000        0.000        1.000        0.000        0.000
   154:       12.000        2.000        0.000        0.000        0.000        0.000        0.000        0.000        0.000        0.000        0.000        1.000        0.000        0.000
   168:       13.000        2.000        0.000        0.000        0.000        0.000        0.000        0.000        0.000        0.000        0.000        1.000        0.000        0.000
   182:       14.000        1.000        0.000        0.000        0.000        0.000        0.000        0.000        0.000        0.000        0.000        1.000        0.000        0.000
   196:       15.000        1.000        0.000        1.000        0.000        5.000        0.000        0.000        0.000        0.000        0.000        1.000        0.000        0.000
   210:       16.000        2.000      142.470        2.000        0.000        0.000        0.000        0.000        1.000        0.000        0.000        0.000        0.000        0.000
   224:       17.000        1.000        0.000        0.000        0.000        0.000        0.000        0.000        0.000        0.000        0.000        1.000        0.000        0.000
   238:       18.000        2.000        0.000        0.000        0.000        0.000        0.000        0.000        0.000        0.000        0.000        1.000        0.000        0.000
   252:       19.000        2.000       58.370        0.000        0.000        0.000        0.000        0.000        1.000        0.000        1.000        0.000      270.130        0.000
   266:       20.000        1.000        0.000        0.000        0.000        1.000        0.000        0.000        0.000        0.000        0.000        1.000        0.000        0.000
   280:       21.000        1.000       39.030        3.000        1.000        0.000        0.000        0.000        1.000        0.000        0.000        0.000        0.000        0.000
   294:       22.000        2.000        0.000        4.000        0.000        0.000        0.000        0.000        0.000        0.000        0.000        1.000        0.000        0.000
   308:       23.000        1.000        0.000        0.000        0.000        2.000        0.000        0.000        0.000        0.000        0.000        1.000        0.000        0.000
   322:       24.000        1.000       53.990        0.000        3.000        0.000        0.000      559.860        1.000        0.000        0.000        0.000        0.000        0.000
   336:       25.000        1.000       10.570        3.000        2.000        0.000        0.000        0.000        1.000        0.000        0.000        0.000        0.000        0.000
   350:       26.000        1.000        0.960        0.000        2.000        0.000        0.000       13.210        1.000        0.000        0.000        0.000        0.000        0.000
   364:       27.000        2.000        0.000        0.000        0.000        0.000        0.000        0.000        0.000        0.000        0.000        1.000        0.000        0.000
   378:       28.000        2.000        0.000        0.000        0.000        0.000        0.000        0.000        0.000        0.000        0.000        1.000        0.000        0.000
   392:       29.000        2.000        0.000        0.000        0.000        0.000        0.000        0.000        0.000        0.000        0.000        1.000        0.000        0.000
   406:       30.000        2.000       83.260        0.000        0.000        0.000        0.000        0.000        1.000        0.000        1.000        0.000      227.330        0.000
   420:       31.000        2.000        0.000        0.000        0.000        0.000        0.000        0.000        0.000        0.000        0.000        1.000        0.000        0.000
   434:       32.000        1.000        0.000        0.000        0.000        0.000        0.000        0.000        0.000        0.000        0.000        1.000        0.000        0.000
   448:       33.000        1.000        0.000        0.000        0.000        0.000        0.000        0.000        0.000        0.000        0.000        1.000        0.000        0.000
   462:       34.000        1.000       88.220        0.000        4.000        0.000        0.000      100.330        1.000        0.000        0.000        0.000        0.000        0.000
   476:       35.000        1.000        2.180        0.000        1.000        0.000        0.000        1.040        1.000        0.000        0.000        0.000        0.000        0.000
   490:       36.000        2.000        0.000        0.000        0.000        0.000        0.000        0.000        0.000        0.000        1.000        0.000      115.110        0.000
   504:       37.000        1.000       35.940        0.000        2.000        0.000        0.000        1.060        1.000        0.000        0.000        0.000        0.000        0.000
   518:       38.000        1.000        1.160        0.000        4.000        0.000        0.000        1.060        1.000        0.000        0.000        0.000        0.000        0.000
   532:       39.000        2.000        0.000        0.000        0.000        0.000        0.000        0.000        0.000        0.000        1.000        0.000       33.300        0.000
   546:       40.000        2.000        0.000        0.000        0.000        0.000        0.000        0.000        0.000        0.000        0.000        1.000        0.000        0.000
   560:       41.000        1.000       52.540        0.000        1.000        0.000        0.000        1.060        1.000        0.000        0.000        0.000        0.000        0.000
   574:       42.000        2.000        0.000        5.000        1.000        0.000        0.000        0.000        0.000        0.000        0.000        1.000        0.000        0.000
   588:       43.000        2.000        0.000        0.000        0.000        0.000        0.000        0.000        0.000        0.000        0.000        1.000        0.000        0.000
   602:       44.000        2.000        0.000        0.000        0.000        0.000        0.000        0.000        0.000        0.000        0.000        1.000        0.000        0.000
   616:       45.000        1.000        0.000        0.000        0.000        0.000        0.000        0.000        0.000        0.000        0.000        1.000        0.000        0.000
   630:       46.000        2.000        0.000        0.000        0.000        0.000        0.000        0.000        0.000        0.000        0.000        1.000        0.000        0.000
   644:       47.000        2.000        0.000        0.000        0.000        0.000        0.000        0.000        0.000        0.000        0.000        1.000        0.000        0.000
   658:       49.000        1.000      158.500        0.000        1.000        0.000        0.000        1.220        1.000        0.000        0.000        0.000        0.000        0.000
   672:       50.000        1.000        0.690        0.000        2.000        0.000        0.000        1.240        1.000        0.000        0.000        0.000        0.000        0.000
K:
     0:        1.000        2.000
T:
     0:        0.700        1.250      217.680      964.090
