File: C:\MED-PC\Data\2017-11-13_17h23m_Subject 172.txt


Start Date: 11/13/17
End Date: 11/13/17
Subject: 172
Experiment: 0
Group: 0
Box: 2
Start Time: 17:23:57
End Time: 17:50:48
MSN: Discrimination Tone Training_v3
C:      20.000
D:      25.000
E:       0.000
F:       1.000
G:       2.000
H:       2.000
I:     630.000
J:       0.000
L:       0.000
M:      50.000
N:       1.000
O:       0.000
P:       0.000
Q:       0.000
R:       0.000
S:       0.000
U:       0.000
V:       0.000
W:       0.000
X:       0.000
Y:       0.000
Z:       0.000
A:
     0:     2000.000       75.000       30.000     9000.000       63.000       30.000       10.000        1.000
B:
     0:        1.000        2.000        7.190        0.000        0.000        0.000        0.000        0.000        1.000        0.000        0.000        0.000        0.000        0.000
    14:        2.000        2.000        0.000        0.000        0.000        0.000        0.000        0.000        0.000        0.000        0.000        1.000        0.000        0.000
    28:        3.000        1.000        0.000        0.000        0.000        0.000        0.000        0.000        0.000        0.000        0.000        1.000        0.000        0.000
    42:        4.000        2.000        0.000        2.000        0.000        0.000        0.000        0.000        0.000        0.000        0.000        1.000        0.000        0.000
    56:        5.000        1.000        0.000        0.000        0.000        0.000        0.000        0.000        0.000        0.000        0.000        1.000        0.000        0.000
    70:        6.000        2.000      177.120        0.000        0.000        0.000        0.000        0.000        1.000        0.000        0.000        0.000        0.000        0.000
    84:        7.000        2.000        0.000        0.000        0.000        0.000        0.000        0.000        0.000        0.000        0.000        1.000        0.000        0.000
    98:        8.000        1.000        0.000        0.000        0.000        0.000        0.000        0.000        0.000        0.000        0.000        1.000        0.000        0.000
   112:        9.000        1.000        0.000        0.000        0.000        0.000        0.000        0.000        0.000        0.000        0.000        1.000        0.000        0.000
   126:       10.000        2.000        0.000        2.000        0.000        2.000        1.000        0.000        0.000        0.000        0.000        1.000        0.000        0.000
   140:       11.000        2.000      192.350        0.000        0.000        0.000        0.000        0.000        1.000        0.000        0.000        0.000        0.000        0.000
   154:       12.000        2.000        0.000        0.000        0.000        0.000        0.000        0.000        0.000        0.000        0.000        1.000        0.000        0.000
   168:       13.000        2.000        0.000        0.000        0.000        0.000        0.000        0.000        0.000        0.000        0.000        1.000        0.000        0.000
   182:       14.000        2.000        0.000        0.000        0.000        0.000        0.000        0.000        0.000        0.000        0.000        1.000        0.000        0.000
   196:       15.000        1.000        0.000        0.000        0.000        0.000        0.000        0.000        0.000        0.000        0.000        1.000        0.000        0.000
   210:       16.000        2.000      182.510        0.000        0.000        0.000        0.000        0.000        1.000        0.000        0.000        0.000        0.000        0.000
   224:       17.000        2.000       19.550        0.000        0.000        0.000        0.000        0.000        1.000        0.000        0.000        0.000        0.000        0.000
   238:       18.000        2.000        0.000        0.000        0.000        0.000        0.000        0.000        0.000        0.000        0.000        1.000        0.000        0.000
   252:       19.000        2.000       46.720        0.000        0.000        0.000        0.000        0.000        1.000        0.000        0.000        0.000        0.000        0.000
   266:       20.000        2.000        5.190        0.000        0.000        0.000        0.000        0.000        1.000        0.000        0.000        0.000        0.000        0.000
   280:       21.000        1.000        7.220        0.000        0.000        0.000        0.000        0.000        1.000        0.000        0.000        0.000        0.000        0.000
   294:       22.000        2.000       22.920        6.000        0.000        0.000        0.000        0.000        1.000        0.000        0.000        0.000        0.000        0.000
   308:       23.000        1.000       16.400        0.000        1.000        0.000        0.000      776.470        1.000        0.000        0.000        0.000        0.000        0.000
   322:       24.000        2.000        1.740        0.000        1.000        0.000        0.000        4.220        1.000        0.000        0.000        0.000        0.000        0.000
   336:       25.000        2.000       18.050        0.000        0.000        0.000        0.000        0.000        1.000        0.000        2.000        0.000      804.760        0.000
   350:       26.000        2.000       23.750        0.000        0.000        0.000        0.000        0.000        1.000        0.000        4.000        0.000        0.100        0.000
   364:       27.000        2.000       29.730        2.000        1.000        0.000        0.000        0.000        0.000        1.000        2.000        0.000       10.890        0.000
   378:       28.000        2.000       25.710        0.000        0.000        0.000        0.000        0.000        1.000        0.000        1.000        0.000       10.310        0.000
   392:       29.000        1.000        6.980        0.000        6.000        0.000        0.000      132.320        1.000        0.000        0.000        0.000        0.000        0.000
   406:       30.000        2.000        0.000        0.000        2.000        0.000        0.000        0.000        0.000        0.000        6.000        0.000       20.190        0.000
   420:       31.000        2.000       60.710        0.000        0.000        0.000        0.000        0.000        1.000        0.000        1.000        0.000        3.850        0.000
   434:       32.000        2.000       29.880        0.000        0.000        0.000        0.000        0.000        0.000        1.000        0.000        0.000        0.000        0.000
   448:       33.000        1.000        0.000        0.000        0.000        0.000        0.000        0.000        0.000        0.000        0.000        1.000        0.000        0.000
   462:       34.000        1.000       41.410        0.000        2.000        0.000        0.000       94.750        1.000        0.000        0.000        0.000        0.000        0.000
   476:       35.000        2.000        0.000        0.000        0.000        0.000        1.000        0.000        0.000        0.000        4.000        0.000       94.320        0.000
   490:       36.000        1.000       45.070        0.000        3.000        0.000        0.000        1.480        1.000        0.000        0.000        0.000        0.000        0.000
   504:       37.000        1.000        5.890        3.000        0.000        0.000        0.000        0.000        1.000        0.000        0.000        0.000        0.000        0.000
   518:       38.000        1.000        3.740        0.000        0.000        0.000        0.000        0.000        1.000        0.000        0.000        0.000        0.000        0.000
   532:       39.000        1.000       16.270        5.000        0.000        0.000        0.000        0.000        1.000        0.000        0.000        0.000        0.000        0.000
   546:       40.000        1.000        0.800        0.000        4.000        0.000        0.000       55.030        1.000        0.000        0.000        0.000        0.000        0.000
   560:       43.000        1.000       13.620        2.000        7.000        0.000        0.000        0.000        1.000        0.000        0.000        0.000        0.000        0.000
   574:       45.000        1.000        0.560        0.000        0.000        0.000        0.000        0.000        1.000        0.000        0.000        0.000        0.000        0.000
   588:       48.000        1.000        6.120        3.000        1.000        0.000        0.000        0.000        1.000        0.000        0.000        0.000        0.000        0.000
   602:       49.000        1.000        3.530        0.000        1.000        0.000        0.000       49.330        1.000        0.000        0.000        0.000        0.000        0.000
   616:       50.000        1.000        7.780        0.000        4.000        0.000        0.000        1.540        1.000        0.000        0.000        0.000        0.000        0.000
K:
     0:        1.000        2.000
T:
     0:        7.790        1.550      176.550      537.600
