File: C:\MED-PC\Data\2017-11-22_10h10m_Subject 172.txt


Start Date: 11/22/17
End Date: 11/22/17
Subject: 172
Experiment: ACI JAX 11.22
Group: 0
Box: 3
Start Time: 10:10:30
End Time: 10:33:18
MSN: Discrimination Tone Training_v3
C:      23.000
D:      25.000
E:       0.000
F:       1.000
G:       2.000
H:       3.000
I:     672.000
J:       0.000
L:       0.000
M:      52.000
N:       1.000
O:       0.000
P:       0.000
Q:       0.000
R:       0.000
S:       0.000
U:       0.000
V:       0.000
W:       0.000
X:       0.000
Y:       0.000
Z:       0.000
A:
     0:     2000.000       75.000       15.000     9000.000       63.000       15.000       10.000        1.000
B:
     0:        1.000        2.000        6.770        0.000        4.000        0.000        0.000        3.390        1.000        0.000        0.000        0.000        0.000        0.000
    14:        2.000        2.000        2.190        0.000        3.000        0.000        0.000        4.750        1.000        0.000        0.000        0.000        0.000        0.000
    28:        3.000        1.000        0.000        2.000        1.000        0.000        0.000        0.000        0.000        0.000        1.000        0.000       32.360        3.650
    42:        4.000        1.000        0.000        1.000        0.000        4.000        0.000        0.000        0.000        0.000        0.000        1.000        0.000        0.000
    56:        5.000        2.000       57.410        0.000        0.000        0.000        0.000        0.000        1.000        0.000        0.000        0.000        0.000        0.000
    70:        6.000        1.000        0.000        0.000        0.000        4.000        0.000        0.000        0.000        0.000        0.000        1.000        0.000        0.000
    84:        7.000        2.000       29.270        0.000        0.000        0.000        0.000        0.000        1.000        0.000        0.000        0.000        0.000        0.000
    98:        8.000        1.000        7.420        0.000        3.000        0.000        0.000       59.850        1.000        0.000        0.000        0.000        0.000        0.000
   112:        9.000        2.000       13.830        1.000        2.000        0.000        0.000        0.000        1.000        0.000        0.000        0.000        0.000        0.000
   126:       10.000        2.000        5.410        0.000        0.000        0.000        0.000        0.000        1.000        0.000        1.000        0.000      127.190        0.000
   140:       11.000        1.000        0.690        0.000        3.000        0.000        0.000       29.280        1.000        0.000        0.000        0.000        0.000        0.000
   154:       12.000        2.000        7.370        1.000        1.000        0.000        0.000        0.000        1.000        0.000        0.000        0.000        0.000        0.000
   168:       13.000        2.000        5.600        0.000        0.000        0.000        0.000        0.000        1.000        0.000        0.000        0.000        0.000        0.000
   182:       14.000        2.000        4.430        0.000        0.000        0.000        0.000        0.000        1.000        0.000        1.000        0.000       47.420        0.000
   196:       15.000        1.000        0.000        0.000        0.000        1.000        0.000        0.000        0.000        0.000        0.000        1.000        0.000        0.000
   210:       16.000        1.000       32.250        1.000        6.000        2.000        0.000        0.000        1.000        0.000        0.000        0.000        0.000        0.000
   224:       17.000        2.000        9.810        1.000        1.000        0.000        0.000        0.000        1.000        0.000        0.000        0.000        0.000        0.000
   238:       18.000        1.000        0.320        0.000        2.000        0.000        0.000      109.210        1.000        0.000        0.000        0.000        0.000        0.000
   252:       19.000        1.000        2.310        0.000        3.000        0.000        0.000        0.950        1.000        0.000        0.000        0.000        0.000        0.000
   266:       20.000        2.000        5.740        0.000        0.000        0.000        0.000        0.000        1.000        0.000        1.000        0.000       89.280        0.000
   280:       21.000        2.000        7.860        0.000        0.000        0.000        0.000        0.000        1.000        0.000        1.000        0.000        3.210        0.000
   294:       22.000        2.000        6.720        0.000        0.000        0.000        0.000        0.000        1.000        0.000        1.000        0.000        2.520        0.000
   308:       23.000        1.000        4.130        0.000        4.000        0.000        0.000       52.950        1.000        0.000        0.000        0.000        0.000        0.000
   322:       24.000        1.000        0.000        3.000        0.000        0.000        0.000        0.000        0.000        0.000        0.000        1.000        0.000        0.000
   336:       25.000        1.000       28.250        0.000        3.000        0.000        0.000        1.020        1.000        0.000        0.000        0.000        0.000        0.000
   350:       26.000        1.000        0.000        4.000        0.000        0.000        0.000        0.000        0.000        0.000        0.000        1.000        0.000        0.000
   364:       27.000        1.000       27.810        0.000        2.000        2.000        0.000        0.980        1.000        0.000        0.000        0.000        0.000        0.000
   378:       28.000        2.000       11.140        2.000        1.000        0.000        0.000        0.000        1.000        0.000        0.000        0.000        0.000        0.000
   392:       29.000        2.000        9.380        2.000        0.000        0.000        0.000        0.000        1.000        0.000        1.000        0.000      118.870        0.000
   406:       30.000        2.000        7.990        0.000        0.000        0.000        0.000        0.000        1.000        0.000        2.000        0.000        0.090        0.000
   420:       31.000        2.000        7.020        0.000        0.000        0.000        0.000        0.000        1.000        0.000        0.000        0.000        0.000        0.000
   434:       32.000        1.000        1.480        0.000        6.000        0.000        0.000       71.200        1.000        0.000        0.000        0.000        0.000        0.000
   448:       33.000        1.000       10.020        1.000        1.000        0.000        0.000        0.000        1.000        0.000        0.000        0.000        0.000        0.000
   462:       34.000        2.000       14.010        4.000        1.000        0.000        0.000        0.000        0.000        1.000        2.000        0.000       58.400        0.000
   476:       35.000        1.000        3.310        0.000        1.000        0.000        0.000       41.260        1.000        0.000        0.000        0.000        0.000        0.000
   490:       36.000        2.000        8.480        2.000        0.000        0.000        0.000        0.000        1.000        0.000        1.000        0.000       18.330        0.000
   504:       37.000        2.000       13.660        1.000        0.000        0.000        0.000        0.000        1.000        0.000        2.000        0.000        4.420        0.000
   518:       38.000        2.000        7.310        0.000        0.000        0.000        0.000        0.000        1.000        0.000        0.000        0.000        0.000        0.000
   532:       39.000        1.000       12.200        0.000        3.000        0.000        0.000       67.380        1.000        0.000        0.000        0.000        0.000        0.000
   546:       40.000        2.000        0.000        1.000        0.000        0.000        0.000        0.000        0.000        0.000        0.000        1.000        0.000        0.000
   560:       41.000        1.000        0.000        0.000        0.000        0.000        3.000        0.000        0.000        0.000        1.000        0.000       76.770      592.470
   574:       42.000        2.000       55.930        0.000        0.000        0.000        0.000        0.000        1.000        0.000        0.000        0.000        0.000        0.000
   588:       43.000        2.000       13.860        0.000        0.000        0.000        0.000        0.000        1.000        0.000        0.000        0.000        0.000        0.000
   602:       44.000        2.000        3.800        0.000        0.000        0.000        0.000        0.000        1.000        0.000        0.000        0.000        0.000        0.000
   616:       45.000        1.000        0.000        0.000        0.000        0.000        0.000        0.000        0.000        0.000        0.000        1.000        0.000        0.000
   630:       47.000        1.000       31.370        0.000        5.000        0.000        0.000       83.240        1.000        0.000        0.000        0.000        0.000        0.000
   644:       48.000        1.000        0.000        1.000        0.000        0.000        0.000        0.000        0.000        0.000        1.000        0.000      106.860        0.000
   658:       52.000        1.000        0.000        0.000        0.000        1.000        0.000        0.000        0.000        0.000        0.000        1.000        0.000        0.000
K:
     0:        1.000        2.000
T:
     0:       54.250       83.250       25.120       44.200
