File: C:\MED-PC\Data\2017-11-17_10h20m_Subject 172.txt


Start Date: 11/17/17
End Date: 11/17/17
Subject: 172
Experiment: ACI JAX 11.17
Group: 0
Box: 3
Start Time: 10:20:45
End Time: 10:43:46
MSN: Discrimination Tone Training_v3
C:      25.000
D:      25.000
E:       0.000
F:       1.000
G:       2.000
H:       2.000
I:     700.000
J:       0.000
L:       0.000
M:      52.000
N:       1.000
O:       0.000
P:       0.000
Q:       0.000
R:       0.000
S:       0.000
U:       0.000
V:       0.000
W:       0.000
X:       0.000
Y:       0.000
Z:       0.000
A:
     0:     2000.000       75.000       30.000     9000.000       63.000       30.000       10.000        1.000
B:
     0:        1.000        1.000        0.000        1.000        0.000        0.000        1.000        0.000        0.000        0.000        5.000        0.000        4.850        0.000
    14:        2.000        2.000       47.380        1.000        2.000        0.000        0.000        0.000        1.000        0.000        0.000        0.000        0.000        0.000
    28:        3.000        2.000        0.840        0.000        0.000        0.000        0.000        0.000        1.000        0.000        0.000        0.000        0.000        0.000
    42:        4.000        2.000        2.430        0.000        3.000        0.000        0.000       27.950        1.000        0.000        0.000        0.000        0.000        0.000
    56:        5.000        1.000       23.870        2.000        3.000        0.000        0.000        0.000        1.000        0.000        4.000        0.000       49.120        0.000
    70:        6.000        1.000       23.970        0.000        3.000        0.000        0.000       36.190        1.000        0.000        2.000        0.000        5.930        0.000
    84:        7.000        1.000        0.000        5.000        0.000        0.000        0.000        0.000        0.000        0.000        2.000        0.000       22.160        0.000
    98:        8.000        1.000       44.420        0.000        2.000        0.000        0.000        0.890        1.000        0.000        0.000        0.000        0.000        0.000
   112:        9.000        2.000        5.620        0.000        0.000        0.000        0.000        0.000        1.000        0.000        0.000        0.000        0.000        0.000
   126:       10.000        1.000        0.000        0.000        0.000        0.000        1.000        0.000        0.000        0.000        2.000        0.000       44.430        0.000
   140:       11.000        1.000       52.480        0.000        3.000        0.000        0.000       64.460        1.000        0.000        0.000        0.000        0.000        0.000
   154:       12.000        1.000        2.400        0.000        2.000        0.000        0.000        0.000        1.000        0.000        0.000        0.000        0.000        0.000
   168:       13.000        2.000       17.120        2.000        3.000        0.000        0.000        0.000        1.000        0.000        0.000        0.000        0.000        0.000
   182:       14.000        2.000        3.680        0.000        0.000        0.000        0.000        0.000        1.000        0.000        0.000        0.000        0.000        0.000
   196:       15.000        1.000       24.180        1.000        2.000        0.000        0.000        0.000        1.000        0.000        2.000        0.000       91.330        0.000
   210:       16.000        2.000        5.770        0.000        0.000        0.000        0.000        0.000        1.000        0.000        0.000        0.000        0.000        0.000
   224:       17.000        2.000        5.900        0.000        0.000        0.000        0.000        0.000        1.000        0.000        0.000        0.000        0.000        0.000
   238:       18.000        1.000        3.530        0.000        4.000        0.000        0.000      127.440        1.000        0.000        1.000        0.000       33.770      414.240
   252:       19.000        2.000        5.490        0.000        0.000        0.000        0.000        0.000        1.000        0.000        0.000        0.000        0.000        0.000
   266:       20.000        2.000       11.910        0.000        0.000        0.000        0.000        0.000        1.000        0.000        0.000        0.000        0.000        0.000
   280:       21.000        2.000        4.190        0.000        0.000        0.000        0.000        0.000        1.000        0.000        0.000        0.000        0.000        0.000
   294:       22.000        1.000        6.090        0.000        0.000        0.000        0.000        0.000        1.000        0.000        0.000        0.000        0.000        0.000
   308:       23.000        1.000        8.010        0.000        0.000        0.000        0.000        0.000        1.000        0.000        1.000        0.000       72.570        0.000
   322:       24.000        2.000        2.000        0.000        1.000        0.000        0.000       94.890        1.000        0.000        0.000        0.000        0.000        0.000
   336:       25.000        2.000        7.560        0.000        0.000        0.000        0.000        0.000        1.000        0.000        1.000        0.000       15.930        0.000
   350:       26.000        1.000        3.820        0.000        2.000        0.000        0.000       15.980        1.000        0.000        0.000        0.000        0.000        0.000
   364:       27.000        1.000       14.470        0.000        1.000        0.000        0.000        3.610        1.000        0.000        2.000        0.000       18.800        0.000
   378:       28.000        1.000        3.080        0.000        0.000        0.000        0.000        0.000        1.000        0.000        0.000        0.000        0.000        0.000
   392:       29.000        2.000       10.120        0.000        1.000        0.000        0.000       30.950        1.000        0.000        1.000        0.000       14.120      124.270
   406:       30.000        2.000        7.080        1.000        0.000        0.000        0.000        0.000        1.000        0.000        0.000        0.000        0.000        0.000
   420:       31.000        2.000        0.900        0.000        0.000        0.000        0.000        0.000        1.000        0.000        0.000        0.000        0.000        0.000
   434:       32.000        2.000        6.760        0.000        0.000        0.000        0.000        0.000        1.000        0.000        0.000        0.000        0.000        0.000
   448:       33.000        2.000        0.080        0.000        0.000        0.000        0.000        0.000        1.000        0.000        0.000        0.000        0.000        0.000
   462:       34.000        1.000       12.890        0.000        2.000        0.000        0.000       65.960        1.000        0.000        4.000        0.000       64.830        0.000
   476:       35.000        1.000        0.000        8.000        0.000        0.000        0.000        0.000        0.000        0.000        0.000        1.000        0.000        0.000
   490:       36.000        2.000       43.280        0.000        0.000        0.000        0.000        0.000        1.000        0.000        0.000        0.000        0.000        0.000
   504:       37.000        2.000       14.750        1.000        0.000        0.000        0.000        0.000        1.000        0.000        1.000        0.000       64.390       84.740
   518:       38.000        1.000        5.610        0.000        3.000        0.000        0.000       46.900        1.000        0.000        0.000        0.000        0.000        0.000
   532:       39.000        1.000        6.660        2.000        0.000        0.000        0.000        0.000        1.000        0.000        0.000        0.000        0.000        0.000
   546:       40.000        2.000        0.000        6.000        0.000        0.000        0.000        0.000        0.000        0.000        0.000        1.000        0.000        0.000
   560:       41.000        2.000       45.730        0.000        0.000        0.000        0.000        0.000        1.000        0.000        0.000        0.000        0.000        0.000
   574:       42.000        1.000        4.300        0.000        4.000        0.000        0.000       77.470        1.000        0.000        0.000        0.000        0.000        0.000
   588:       43.000        2.000       13.660        2.000        2.000        0.000        0.000        0.000        1.000        0.000        0.000        0.000        0.000        0.000
   602:       44.000        2.000        0.000        0.000        0.000        0.000        0.000        0.000        0.000        0.000        0.000        1.000        0.000        0.000
   616:       45.000        1.000        0.000        0.000        0.000        0.000        0.000        0.000        0.000        0.000        0.000        1.000        0.000        0.000
   630:       46.000        1.000       90.170        0.000        4.000        0.000        0.000      106.230        1.000        0.000        0.000        0.000        0.000        0.000
   644:       47.000        1.000        0.000        8.000        0.000        0.000        0.000        0.000        0.000        0.000        1.000        0.000      243.420        0.000
   658:       48.000        2.000       67.360        0.000        1.000        0.000        0.000        9.670        1.000        0.000        0.000        0.000        0.000        0.000
   672:       49.000        1.000        6.700        0.000        1.000        0.000        0.000        9.790        1.000        0.000        1.000        0.000       38.910       83.770
   686:       52.000        1.000       12.760        4.000        2.000        0.000        0.000        0.000        1.000        0.000        0.000        0.000        0.000        0.000
K:
     0:        1.000        2.000
T:
     0:       12.770       10.010       22.780       83.780
