File: C:\MED-PC\Data\2017-11-16_11h08m_Subject 416.txt


Start Date: 11/16/17
End Date: 11/16/17
Subject: 416
Experiment: ACI JAX 11.16
Group: 0
Box: 1
Start Time: 11:08:41
End Time: 11:24:20
MSN: Discrimination Tone Training_v3
C:      21.000
D:      25.000
E:       0.000
F:       1.000
G:       2.000
H:       2.000
I:     644.000
J:       0.000
L:       0.000
M:      50.000
N:       1.000
O:       0.000
P:       0.000
Q:       0.000
R:       0.000
S:       0.000
U:       0.000
V:       0.000
W:       0.000
X:       0.000
Y:       0.000
Z:       0.000
A:
     0:     2000.000       75.000       30.000     9000.000       63.000       30.000       10.000        1.000
B:
     0:        1.000        1.000        0.000        0.000        0.000        0.000        0.000        0.000        0.000        0.000        3.000        0.000       11.230        0.000
    14:        2.000        2.000       44.530        0.000        0.000        0.000        0.000        0.000        1.000        0.000        0.000        0.000        0.000        0.000
    28:        3.000        2.000        4.140        0.000        0.000        0.000        0.000        0.000        1.000        0.000        0.000        0.000        0.000        0.000
    42:        4.000        2.000        4.900        0.000        0.000        0.000        0.000        0.000        1.000        0.000        0.000        0.000        0.000        0.000
    56:        5.000        2.000        4.110        0.000        0.000        0.000        0.000        0.000        1.000        0.000        0.000        0.000        0.000        0.000
    70:        6.000        1.000        2.640        0.000        1.000        0.000        0.000       61.070        1.000        0.000        0.000        0.000        0.000        0.000
    84:        7.000        1.000        9.430        0.000        2.000        0.000        0.000        1.200        1.000        0.000        3.000        0.000       79.000        0.000
    98:        8.000        2.000        1.680        0.000        0.000        0.000        0.000        0.000        1.000        0.000        0.000        0.000        0.000        0.000
   112:        9.000        2.000        0.010        0.000        0.000        0.000        0.000        0.000        1.000        0.000        0.000        0.000        0.000        0.000
   126:       10.000        2.000       24.240        1.000        0.000        0.000        0.000        0.000        1.000        0.000        1.000        0.000       25.180      151.850
   140:       11.000        2.000        9.480        0.000        2.000        0.000        0.000        0.000        1.000        0.000        0.000        0.000        0.000        0.000
   154:       12.000        2.000        3.060        0.000        4.000        0.000        0.000       86.470        1.000        0.000        0.000        0.000        0.000        0.000
   168:       13.000        1.000        2.670        0.000        6.000        0.000        0.000        0.000        1.000        0.000        0.000        0.000        0.000        0.000
   182:       14.000        2.000        9.210        0.000        0.000        0.000        0.000        0.000        1.000        0.000        1.000        0.000       51.340        0.000
   196:       15.000        1.000       12.370        0.000        5.000        0.000        0.000       44.670        1.000        0.000        2.000        0.000        4.930        0.000
   210:       16.000        2.000       14.000        0.000        0.000        0.000        0.000        0.000        1.000        0.000        7.000        0.000        1.050        0.000
   224:       17.000        2.000        7.870        0.000        0.000        0.000        0.000        0.000        1.000        0.000        1.000        0.000        0.610        0.000
   238:       18.000        2.000       10.600        0.000        0.000        0.000        0.000        0.000        1.000        0.000        1.000        0.000        2.810        0.000
   252:       19.000        1.000        7.410        0.000        4.000        0.000        0.000       59.930        1.000        0.000        2.000        0.000        3.430        0.000
   266:       20.000        2.000        1.020        0.000        0.000        0.000        0.000        0.000        1.000        0.000        0.000        0.000        0.000        0.000
   280:       21.000        2.000        8.380        1.000        0.000        0.000        0.000        0.000        1.000        0.000        0.000        0.000        0.000        0.000
   294:       22.000        2.000       17.210        0.000        0.000        0.000        0.000        0.000        1.000        0.000        3.000        0.000       44.440        0.000
   308:       23.000        2.000        6.760        0.000        2.000        0.000        0.000       73.630        1.000        0.000        2.000        0.000        3.290        0.000
   322:       24.000        2.000       22.800        1.000        1.000        0.000        0.000        0.000        1.000        0.000        5.000        0.000        1.330      205.580
   336:       25.000        1.000        1.450        0.000        5.000        0.000        0.000       13.640        1.000        0.000        0.000        0.000        0.000        0.000
   350:       26.000        1.000        4.750        0.000        1.000        0.000        0.000        0.980        1.000        0.000        0.000        0.000        0.000        0.000
   364:       27.000        1.000        1.630        0.000        1.000        0.000        0.000        1.150        1.000        0.000        0.000        0.000        0.000        0.000
   378:       28.000        2.000       26.990        1.000        0.000        0.000        0.000        0.000        1.000        0.000        6.000        0.000       41.980        1.370
   392:       29.000        2.000        6.130        0.000        0.000        0.000        0.000        0.000        1.000        0.000        2.000        0.000        1.220        0.000
   406:       30.000        1.000        6.200        0.000        2.000        0.000        0.000       35.410        1.000        0.000        2.000        0.000        2.490        0.000
   420:       31.000        1.000        1.210        0.000        1.000        0.000        0.000        1.300        1.000        0.000        0.000        0.000        0.000        0.000
   434:       32.000        1.000        1.900        0.000        1.000        0.000        0.000        1.240        1.000        0.000        0.000        0.000        0.000        0.000
   448:       33.000        1.000        3.180        0.000        1.000        0.000        0.000        0.980        1.000        0.000        0.000        0.000        0.000        0.000
   462:       34.000        2.000       12.340        0.000        0.000        0.000        0.000        0.000        1.000        0.000        3.000        0.000       43.990        0.000
   476:       35.000        1.000        0.500        0.000        6.000        0.000        0.000       13.170        1.000        0.000        0.000        0.000        0.000        0.000
   490:       36.000        2.000       13.990        1.000        0.000        0.000        0.000        0.000        1.000        0.000        0.000        0.000        0.000        0.000
   504:       37.000        2.000       14.200        2.000        0.000        0.000        0.000        0.000        1.000        0.000        1.000        0.000       38.460        0.000
   518:       38.000        2.000        2.400        0.000        0.000        0.000        0.000        0.000        1.000        0.000        0.000        0.000        0.000        0.000
   532:       39.000        2.000       17.380        0.000        0.000        0.000        0.000        0.000        1.000        0.000        4.000        0.000       13.690        0.000
   546:       40.000        1.000       16.590        0.000        1.000        0.000        0.000       95.630        1.000        0.000        0.000        0.000        0.000        0.000
   560:       42.000        1.000        0.200        0.000        4.000        0.000        0.000        1.010        1.000        0.000        0.000        0.000        0.000        0.000
   574:       44.000        1.000        2.130        0.000        0.000        0.000        0.000        0.000        1.000        0.000        0.000        0.000        0.000        0.000
   588:       45.000        1.000        0.970        0.000        2.000        0.000        0.000       13.120        1.000        0.000        0.000        0.000        0.000        0.000
   602:       47.000        1.000        9.240        0.000        2.000        0.000        0.000        0.000        1.000        0.000        0.000        0.000        0.000        0.000
   616:       48.000        1.000        0.970        0.000        1.000        0.000        0.000       13.400        1.000        0.000        0.000        0.000        0.000        0.000
   630:       50.000        1.000        3.400        0.000        2.000        0.000        0.000        0.860        1.000        0.000        0.000        0.000        0.000        0.000
K:
     0:        1.000        2.000
T:
     0:        3.410        0.870      113.700      313.230
