File: C:\MED-PC\Data\2017-11-15_12h13m_Subject 418.txt


Start Date: 11/15/17
End Date: 11/15/17
Subject: 418
Experiment: ACI JAX 11.15
Group: 0
Box: 1
Start Time: 12:13:58
End Time: 12:37:50
MSN: Discrimination Tone Training_v3
C:      22.000
D:      25.000
E:       0.000
F:       1.000
G:       2.000
H:       2.000
I:     658.000
J:       0.000
L:       0.000
M:      52.000
N:       1.000
O:       0.000
P:       0.000
Q:       0.000
R:       0.000
S:       0.000
U:       0.000
V:       0.000
W:       0.000
X:       0.000
Y:       0.000
Z:       0.000
A:
     0:     2000.000       75.000       30.000     9000.000       63.000       30.000       10.000        1.000
B:
     0:        1.000        1.000        0.000        0.000        0.000        0.000        0.000        0.000        0.000        0.000        2.000        0.000        2.670        0.000
    14:        2.000        2.000       61.490        0.000        0.000        0.000        0.000        0.000        1.000        0.000        0.000        0.000        0.000        0.000
    28:        3.000        2.000        0.060        0.000        0.000        0.000        0.000        0.000        1.000        0.000        0.000        0.000        0.000        0.000
    42:        4.000        2.000        8.210        0.000        0.000        0.000        0.000        0.000        1.000        0.000        0.000        0.000        0.000        0.000
    56:        5.000        2.000       28.470        0.000        0.000        0.000        0.000        0.000        1.000        0.000        0.000        0.000        0.000        0.000
    70:        6.000        2.000        0.840        0.000        0.000        0.000        0.000        0.000        1.000        0.000        0.000        0.000        0.000        0.000
    84:        7.000        1.000        1.160        0.000        2.000        0.000        0.000       99.890        1.000        0.000        0.000        0.000        0.000        0.000
    98:        8.000        1.000       18.310       10.000        2.000        0.000        0.000        0.000        1.000        0.000        0.000        0.000        0.000        0.000
   112:        9.000        1.000        2.380        0.000        2.000        0.000        0.000       14.670        1.000        0.000        0.000        0.000        0.000        0.000
   126:       10.000        1.000        0.210        0.000        1.000        0.000        0.000        1.250        1.000        0.000        0.000        0.000        0.000        0.000
   140:       11.000        1.000       12.870        0.000        2.000        0.000        0.000        1.580        1.000        0.000        2.000        0.000      185.190        0.000
   154:       12.000        2.000        4.530        0.000        0.000        0.000        0.000        0.000        1.000        0.000        0.000        0.000        0.000        0.000
   168:       13.000        1.000        0.000        0.000        0.000        0.000        0.000        0.000        0.000        0.000        6.000        0.000       20.730        0.000
   182:       14.000        2.000       70.210        0.000        0.000        0.000        0.000        0.000        0.000        1.000        0.000        0.000        0.000        0.000
   196:       15.000        2.000       14.270        0.000        0.000        0.000        0.000        0.000        1.000        0.000        1.000        0.000       40.210        0.000
   210:       16.000        2.000        6.020        0.000        0.000        0.000        0.000        0.000        1.000        0.000        0.000        0.000        0.000        0.000
   224:       17.000        2.000       10.770        0.000        0.000        0.000        0.000        0.000        1.000        0.000        0.000        0.000        0.000        0.000
   238:       18.000        2.000       29.080        0.000        0.000        0.000        0.000        0.000        0.000        1.000        0.000        0.000        0.000        0.000
   252:       19.000        1.000        3.600        0.000        0.000        0.000        0.000        0.000        1.000        0.000        0.000        0.000        0.000        0.000
   266:       20.000        2.000        3.320        0.000        0.000        0.000        0.000        0.000        1.000        0.000        0.000        0.000        0.000        0.000
   280:       21.000        1.000        5.680        0.000        0.000        0.000        0.000        0.000        1.000        0.000        0.000        0.000        0.000        0.000
   294:       22.000        1.000        1.680        0.000        3.000        0.000        0.000      246.300        1.000        0.000        0.000        0.000        0.000        0.000
   308:       23.000        2.000       10.450        0.000        0.000        0.000        0.000        0.000        1.000        0.000        1.000        0.000      137.940        0.000
   322:       24.000        2.000       29.070        0.000        0.000        0.000        0.000        0.000        0.000        1.000        0.000        0.000        0.000        0.000
   336:       25.000        1.000        8.960        0.000        0.000        0.000        0.000        0.000        1.000        0.000        1.000        0.000       42.820        0.000
   350:       26.000        1.000        0.160        0.000        2.000        0.000        0.000       79.810        1.000        0.000        0.000        0.000        0.000        0.000
   364:       27.000        2.000        6.190        0.000        0.000        0.000        0.000        0.000        1.000        0.000        0.000        0.000        0.000        0.000
   378:       28.000        2.000       13.910        0.000        0.000        0.000        0.000        0.000        1.000        0.000        0.000        0.000        0.000        0.000
   392:       29.000        2.000        1.260        0.000        0.000        0.000        0.000        0.000        1.000        0.000        0.000        0.000        0.000        0.000
   406:       30.000        1.000        9.120        0.000        0.000        0.000        0.000        0.000        1.000        0.000        0.000        0.000        0.000        0.000
   420:       31.000        2.000       18.000        0.000        0.000        0.000        0.000        0.000        1.000        0.000        2.000        0.000       85.870        0.000
   434:       32.000        2.000       27.490        0.000        0.000        0.000        0.000        0.000        1.000        0.000        0.000        0.000        0.000        0.000
   448:       33.000        2.000        2.920        0.000        0.000        0.000        0.000        0.000        1.000        0.000        0.000        0.000        0.000        0.000
   462:       34.000        1.000       15.460        0.000        0.000        0.000        0.000        0.000        1.000        0.000        3.000        0.000       54.660        0.000
   476:       35.000        1.000        0.000       11.000        0.000        1.000        0.000        0.000        0.000        0.000        0.000        1.000        0.000        0.000
   490:       36.000        2.000       53.450        0.000        0.000        0.000        0.000        0.000        1.000        0.000        1.000        0.000       48.560        0.000
   504:       37.000        1.000       18.270        0.000        0.000        0.000        0.000        0.000        1.000        0.000        0.000        0.000        0.000        0.000
   518:       38.000        1.000        6.360        3.000        7.000        0.000        0.000        0.000        1.000        0.000        0.000        0.000        0.000        0.000
   532:       39.000        2.000        0.000        1.000        0.000        0.000        0.000        0.000        0.000        0.000        8.000        0.000       48.890        0.000
   546:       40.000        2.000       44.360        0.000        0.000        0.000        0.000        0.000        1.000        0.000        0.000        0.000        0.000        0.000
   560:       41.000        1.000       11.390        0.000        1.000        0.000        0.000      355.640        1.000        0.000        1.000        0.000       18.410      955.680
   574:       42.000        1.000        5.080        2.000        3.000        0.000        0.000        0.000        1.000        0.000        0.000        0.000        0.000        0.000
   588:       43.000        2.000       13.370        0.000        0.000        0.000        0.000        0.000        1.000        0.000        1.000        0.000       22.030        0.000
   602:       44.000        2.000       13.760        0.000        0.000        0.000        0.000        0.000        1.000        0.000        0.000        0.000        0.000        0.000
   616:       47.000        1.000        7.770        1.000        1.000        0.000        0.000        0.000        1.000        0.000        0.000        0.000        0.000        0.000
   630:       49.000        1.000        6.030        1.000        2.000        0.000        0.000        0.000        1.000        0.000        0.000        0.000        0.000        0.000
   644:       52.000        1.000        1.840        0.000        0.000        0.000        0.000        0.000        1.000        0.000        0.000        0.000        0.000        0.000
K:
     0:        1.000        2.000
T:
     0:        1.850      112.930       77.510       95.980
