File: C:\MED-PC\Data\2017-11-14_10h21m_Subject 415.txt


Start Date: 11/14/17
End Date: 11/14/17
Subject: 415
Experiment: ACI JAX 11.14
Group: 0
Box: 4
Start Time: 10:21:00
End Time: 10:42:44
MSN: Discrimination Tone Training_v3
C:      25.000
D:      25.000
E:       0.000
F:       1.000
G:       2.000
H:       4.000
I:     700.000
J:       0.000
L:       0.000
M:      51.000
N:       1.000
O:       0.000
P:       0.000
Q:       0.000
R:       0.000
S:       0.000
U:       0.000
V:       0.000
W:       0.000
X:       0.000
Y:       0.000
Z:       0.000
A:
     0:     2000.000       75.000       30.000     9000.000       63.000       30.000       10.000        1.000
B:
     0:        1.000        2.000        0.000        0.000        0.000        0.000        0.000        0.000        0.000        0.000        0.000        1.000        0.000        0.000
    14:        2.000        1.000        0.000       25.000        0.000        0.000        0.000        0.000        0.000        0.000        4.000        0.000       42.850        0.000
    28:        3.000        2.000      111.850        0.000        5.000        0.000        0.000        0.000        0.000        1.000        0.000        0.000        0.000        0.000
    42:        4.000        2.000       12.460        0.000        0.000        0.000        0.000        0.000        1.000        0.000        0.000        0.000        0.000        0.000
    56:        5.000        1.000        0.000        0.000        0.000        0.000        0.000        0.000        0.000        0.000        6.000        0.000       71.060        0.000
    70:        6.000        1.000        0.000        0.000        0.000        0.000        0.000        0.000        0.000        0.000        2.000        0.000       27.970        0.000
    84:        7.000        2.000      106.370        0.000        0.000        0.000        0.000        0.000        1.000        0.000        4.000        0.000        2.100        0.000
    98:        8.000        1.000        1.450        0.000        2.000        0.000        0.000      154.580        1.000        0.000        0.000        0.000        0.000        0.000
   112:        9.000        1.000        0.400        0.000        1.000        0.000        0.000        1.250        1.000        0.000        0.000        0.000        0.000        0.000
   126:       10.000        2.000        6.050        0.000        1.000        0.000        0.000        7.600        1.000        0.000        0.000        0.000        0.000        0.000
   140:       11.000        1.000       18.610        0.000        2.000        0.000        0.000        1.010        1.000        0.000        2.000        0.000       54.290        0.000
   154:       12.000        2.000        1.720        0.000        0.000        0.000        0.000        0.000        1.000        0.000        0.000        0.000        0.000        0.000
   168:       13.000        2.000        0.550        0.000        0.000        0.000        0.000        0.000        1.000        0.000        0.000        0.000        0.000        0.000
   182:       14.000        2.000        3.310        0.000        0.000        0.000        0.000        0.000        1.000        0.000        0.000        0.000        0.000        0.000
   196:       15.000        1.000        2.820        0.000        1.000        0.000        0.000       40.920        1.000        0.000        0.000        0.000        0.000        0.000
   210:       16.000        1.000        1.680        0.000        0.000        0.000        0.000        0.000        1.000        0.000        1.000        0.000       52.890        0.000
   224:       17.000        1.000       15.440        1.000        2.000        0.000        0.000        0.000        1.000        0.000        1.000        0.000        6.250        0.000
   238:       18.000        1.000        0.860        0.000        3.000        0.000        0.000       39.300        1.000        0.000        0.000        0.000        0.000        0.000
   252:       19.000        2.000        8.970        0.000        0.000        0.000        0.000        0.000        1.000        0.000        7.000        0.000       12.740        0.000
   266:       20.000        2.000        6.650        0.000        0.000        0.000        0.000        0.000        1.000        0.000        0.000        0.000        0.000        0.000
   280:       21.000        1.000        1.480        0.000        2.000        0.000        0.000       31.120        1.000        0.000        0.000        0.000        0.000        0.000
   294:       22.000        1.000        0.610        0.000        2.000        0.000        0.000        1.100        1.000        0.000        0.000        0.000        0.000        0.000
   308:       23.000        1.000        7.060        0.000        1.000        0.000        0.000        5.380        1.000        0.000        3.000        0.000       45.210        0.000
   322:       24.000        1.000        7.750        0.000        2.000        0.000        0.000        0.770        1.000        0.000        0.000        0.000        0.000        0.000
   336:       25.000        2.000       13.860        0.000        0.000        0.000        0.000        0.000        1.000        0.000        3.000        0.000       21.720        0.000
   350:       26.000        1.000        2.910        0.000        2.000        0.000        0.000       15.170        1.000        0.000        0.000        0.000        0.000        0.000
   364:       27.000        1.000        1.160        0.000        1.000        0.000        0.000        0.970        1.000        0.000        0.000        0.000        0.000        0.000
   378:       28.000        1.000        4.020        0.000        2.000        0.000        0.000        1.120        1.000        0.000        2.000        0.000       26.770        0.000
   392:       29.000        1.000       14.740        0.000        1.000        0.000        0.000        0.990        1.000        0.000        2.000        0.000       12.530        0.000
   406:       30.000        2.000        0.000        0.000        0.000        0.000        5.000        0.000        0.000        0.000        8.000        0.000        1.480        0.000
   420:       31.000        2.000       45.980        0.000        0.000        0.000        0.000        0.000        1.000        0.000        1.000        0.000        0.890        0.000
   434:       32.000        1.000       15.600        0.000        2.000        0.000        0.000       27.740        1.000        0.000        2.000        0.000        4.400        0.000
   448:       33.000        1.000        0.310        0.000        4.000        0.000        0.000        0.980        1.000        0.000        0.000        0.000        0.000        0.000
   462:       34.000        2.000        3.040        0.000        0.000        0.000        0.000        0.000        1.000        0.000        0.000        0.000        0.000        0.000
   476:       35.000        2.000        2.630        0.000        0.000        0.000        0.000        0.000        1.000        0.000        0.000        0.000        0.000        0.000
   490:       36.000        2.000        0.960        0.000        0.000        0.000        0.000        0.000        1.000        0.000        0.000        0.000        0.000        0.000
   504:       37.000        1.000        6.630        0.000        3.000        0.000        0.000       44.330        1.000        0.000        2.000        0.000       51.250        0.000
   518:       38.000        1.000        8.420        0.000        3.000        0.000        0.000        1.040        1.000        0.000        0.000        0.000        0.000        0.000
   532:       39.000        2.000        4.000        0.000        0.000        0.000        0.000        0.000        1.000        0.000        0.000        0.000        0.000        0.000
   546:       40.000        2.000        4.050        0.000        0.000        0.000        0.000        0.000        1.000        0.000        1.000        0.000       35.230        0.000
   560:       41.000        2.000       11.010        0.000        0.000        0.000        0.000        0.000        1.000        0.000        2.000        0.000        6.260        0.000
   574:       42.000        1.000        0.320        0.000        2.000        0.000        0.000       49.610        1.000        0.000        0.000        0.000        0.000        0.000
   588:       43.000        2.000       16.220        0.000        0.000        0.000        0.000        0.000        1.000        0.000        3.000        0.000       14.600        0.000
   602:       44.000        2.000       19.400        0.000        0.000        0.000        0.000        0.000        1.000        0.000        0.000        0.000        0.000        0.000
   616:       45.000        2.000       22.090        0.000        0.000        0.000        0.000        0.000        1.000        0.000        0.000        0.000        0.000        0.000
   630:       46.000        1.000        0.000        0.000        0.000        0.000        0.000        0.000        0.000        0.000        2.000        0.000       69.030        0.000
   644:       47.000        2.000        0.000        0.000        0.000        0.000        0.000        0.000        0.000        0.000        0.000        1.000        0.000        0.000
   658:       48.000        2.000       88.980        0.000        0.000        0.000        0.000        0.000        1.000        0.000        0.000        0.000        0.000        0.000
   672:       49.000        2.000        2.090        0.000        0.000        0.000        0.000        0.000        1.000        0.000        0.000        0.000        0.000        0.000
   686:       51.000        1.000        0.000        0.000        0.000        0.000        0.000        0.000        0.000        0.000        1.000        0.000       78.710        0.000
K:
     0:        1.000        2.000
T:
     0:       40.110      228.810       78.720     1066.020
