File: C:\MED-PC\Data\2017-11-11_17h03m_Subject 172.txt


Start Date: 11/11/17
End Date: 11/11/17
Subject: 172
Experiment: ACI JAX 11.11
Group: 0
Box: 3
Start Time: 17:03:35
End Time: 17:36:31
MSN: Discrimination Tone Training_v3
C:      22.000
D:      25.000
E:       0.000
F:       1.000
G:       2.000
H:       2.000
I:     658.000
J:       0.000
L:       0.000
M:      52.000
N:       1.000
O:       0.000
P:       0.000
Q:       0.000
R:       0.000
S:       0.000
U:       0.000
V:       0.000
W:       0.000
X:       0.000
Y:       0.000
Z:       0.000
A:
     0:     2000.000       75.000       30.000     9000.000       63.000       30.000       10.000        1.000
B:
     0:        1.000        2.000       25.990        0.000        3.000        0.000        0.000        4.350        1.000        0.000        0.000        0.000        0.000        0.000
    14:        2.000        2.000        0.000        3.000        0.000        0.000        0.000        0.000        0.000        0.000        1.000        0.000       65.320        0.000
    28:        3.000        1.000       53.160        0.000        0.000        0.000        0.000        0.000        1.000        0.000        0.000        0.000        0.000        0.000
    42:        4.000        1.000        0.850        0.000        2.000        0.000        0.000       13.330        1.000        0.000        0.000        0.000        0.000        0.000
    56:        5.000        2.000        0.000        5.000        0.000        0.000        1.000        0.000        0.000        0.000        7.000        0.000       49.300        0.000
    70:        6.000        2.000        0.000        4.000        0.000        0.000        0.000        0.000        0.000        0.000       10.000        0.000        0.120        0.000
    84:        7.000        2.000      111.830        0.000        0.000        0.000        0.000        0.000        0.000        1.000        0.000        0.000        0.000        0.000
    98:        8.000        2.000        0.000        0.000        0.000        0.000        0.000        0.000        0.000        0.000        0.000        1.000        0.000        0.000
   112:        9.000        2.000       64.110        0.000        0.000        0.000        0.000        0.000        1.000        0.000        0.000        0.000        0.000        0.000
   126:       10.000        1.000        0.000        0.000        0.000        0.000        0.000        0.000        0.000        0.000        1.000        0.000      139.400        0.000
   140:       11.000        2.000       67.850        0.000        0.000        0.000        0.000        0.000        1.000        0.000        0.000        0.000        0.000        0.000
   154:       12.000        2.000        0.000        0.000        0.000        0.000        0.000        0.000        0.000        0.000        0.000        1.000        0.000        0.000
   168:       13.000        1.000        0.000        3.000        0.000        0.000        0.000        0.000        0.000        0.000       10.000        0.000       83.410      374.340
   182:       14.000        2.000        0.000        0.000        0.000        0.000        0.000        0.000        0.000        0.000        0.000        1.000        0.000        0.000
   196:       15.000        2.000      140.680        0.000        0.000        0.000        0.000        0.000        1.000        0.000        0.000        0.000        0.000        0.000
   210:       16.000        1.000        0.000        0.000        0.000        0.000        0.000        0.000        0.000        0.000        1.000        0.000       80.680        0.000
   224:       17.000        2.000       70.180        0.000        0.000        0.000        0.000        0.000        0.000        1.000        0.000        0.000        0.000        0.000
   238:       18.000        1.000        0.000        0.000        0.000        0.000        0.000        0.000        0.000        0.000        1.000        0.000       43.990        0.000
   252:       19.000        2.000       49.710        0.000        0.000        0.000        0.000        0.000        1.000        0.000        0.000        0.000        0.000        0.000
   266:       20.000        2.000        0.000        0.000        0.000        0.000        0.000        0.000        0.000        0.000        0.000        1.000        0.000        0.000
   280:       21.000        2.000       41.810        0.000        0.000        0.000        0.000        0.000        1.000        0.000        0.000        0.000        0.000        0.000
   294:       22.000        1.000       17.950        3.000        3.000        0.000        0.000        0.000        1.000        0.000        0.000        0.000        0.000        0.000
   308:       23.000        1.000        7.260        0.000        4.000        0.000        0.000      549.000        1.000        0.000        0.000        0.000        0.000        0.000
   322:       24.000        2.000        0.000        1.000        0.000        0.000        0.000        0.000        0.000        0.000        6.000        0.000      123.430        0.000
   336:       25.000        1.000       60.810        1.000        4.000        0.000        0.000        0.000        1.000        0.000        1.000        0.000        9.220      286.630
   350:       26.000        2.000        0.000        1.000        0.000        0.000        0.000        0.000        0.000        0.000        5.000        0.000       11.300        0.000
   364:       27.000        2.000       50.940        0.000        0.000        0.000        0.000        0.000        1.000        0.000        1.000        0.000        1.870        0.000
   378:       28.000        1.000       11.350        0.000        2.000        0.000        0.000       85.560        1.000        0.000        0.000        0.000        0.000        0.000
   392:       29.000        1.000        0.690        0.000        1.000        0.000        0.000        8.860        1.000        0.000        0.000        0.000        0.000        0.000
   406:       30.000        1.000       10.720        4.000        2.000        0.000        0.000        0.000        1.000        0.000        0.000        0.000        0.000        0.000
   420:       31.000        1.000        1.540        0.000        1.000        0.000        0.000       22.480        1.000        0.000        0.000        0.000        0.000        0.000
   434:       32.000        1.000        7.630        2.000        2.000        0.000        0.000        0.000        1.000        0.000        0.000        0.000        0.000        0.000
   448:       33.000        1.000        2.060        0.000        3.000        0.000        0.000       13.930        1.000        0.000        0.000        0.000        0.000        0.000
   462:       34.000        1.000        2.120        1.000        3.000        0.000        0.000        0.000        1.000        0.000        0.000        0.000        0.000        0.000
   476:       35.000        2.000       25.000        3.000        1.000        0.000        0.000        0.000        1.000        0.000        0.000        0.000        0.000        0.000
   490:       36.000        1.000        2.080        0.000        4.000        0.000        0.000       50.270        1.000        0.000        0.000        0.000        0.000        0.000
   504:       37.000        2.000        0.000       10.000        0.000        0.000        1.000        0.000        0.000        0.000        2.000        0.000      187.950        0.000
   518:       38.000        2.000       48.780        0.000        0.000        0.000        0.000        0.000        1.000        0.000        0.000        0.000        0.000        0.000
   532:       39.000        2.000       13.060        0.000        0.000        0.000        0.000        0.000        1.000        0.000        3.000        0.000       18.710        0.000
   546:       40.000        2.000       17.430        0.000        0.000        0.000        0.000        0.000        1.000        0.000        2.000        0.000        6.980        0.000
   560:       41.000        1.000        2.210        0.000        2.000        0.000        0.000       66.950        1.000        0.000        0.000        0.000        0.000        0.000
   574:       42.000        1.000        5.760        3.000        5.000        0.000        0.000        0.000        1.000        0.000        0.000        0.000        0.000        0.000
   588:       43.000        2.000        0.000        4.000        0.000        0.000        0.000        0.000        0.000        0.000        5.000        0.000       30.860      357.290
   602:       44.000        2.000       45.500        0.000        0.000        0.000        0.000        0.000        1.000        0.000        0.000        0.000        0.000        0.000
   616:       45.000        1.000        6.210        2.000        9.000        0.000        0.000        0.000        1.000        0.000        0.000        0.000        0.000        0.000
   630:       49.000        1.000       12.760        5.000        1.000        0.000        0.000        0.000        1.000        0.000        0.000        0.000        0.000        0.000
   644:       52.000        1.000        3.430        0.000        2.000        0.000        0.000      118.440        1.000        0.000        0.000        0.000        0.000        0.000
K:
     0:        1.000        2.000
T:
     0:        3.440      118.450       74.890      357.300
