File: C:\MED-PC\Data\2017-11-27_10h07m_Subject 172.txt


Start Date: 11/27/17
End Date: 11/27/17
Subject: 172
Experiment: ACI JAX 11.27
Group: 0
Box: 3
Start Time: 10:07:29
End Time: 10:25:56
MSN: Discrimination Tone Training_v3
C:      20.000
D:      25.000
E:       0.000
F:       1.000
G:       2.000
H:       2.000
I:     630.000
J:       0.000
L:       0.000
M:      54.000
N:       1.000
O:       0.000
P:       0.000
Q:       0.000
R:       0.000
S:       0.000
U:       0.000
V:       0.000
W:       0.000
X:       0.000
Y:       0.000
Z:       0.000
A:
     0:     2000.000       75.000       10.000     9000.000       63.000       10.000       10.000        1.000
B:
     0:        1.000        1.000        0.000        4.000        0.000        1.000        0.000        0.000        0.000        0.000        0.000        1.000        0.000        0.000
    14:        2.000        2.000       23.290        0.000        4.000        0.000        0.000        1.610        1.000        0.000        0.000        0.000        0.000        0.000
    28:        3.000        2.000        0.920        0.000        3.000        0.000        0.000        0.000        1.000        0.000        0.000        0.000        0.000        0.000
    42:        4.000        2.000        3.240        0.000        1.000        0.000        0.000        0.000        1.000        0.000        0.000        0.000        0.000        0.000
    56:        5.000        2.000        0.000        0.000        0.000        0.000        1.000        0.000        0.000        0.000        0.000        1.000        0.000        0.000
    70:        6.000        2.000       30.380        0.000        0.000        0.000        0.000        0.000        0.000        1.000        0.000        0.000        0.000        0.000
    84:        7.000        2.000        0.000        0.000        0.000        0.000        0.000        0.000        0.000        0.000        0.000        1.000        0.000        0.000
    98:        8.000        1.000        0.000        0.000        0.000        0.000        0.000        0.000        0.000        0.000        1.000        0.000      129.990        0.000
   112:        9.000        1.000        0.000        0.000        0.000        0.000        0.000        0.000        0.000        0.000        1.000        0.000        7.170        0.000
   126:       10.000        2.000       66.160        0.000        0.000        0.000        0.000        0.000        1.000        0.000        0.000        0.000        0.000        0.000
   140:       11.000        2.000        7.110        0.000        0.000        0.000        0.000        0.000        1.000        0.000        0.000        0.000        0.000        0.000
   154:       12.000        1.000        0.000        0.000        0.000        0.000        0.000        0.000        0.000        0.000        1.000        0.000       41.820        0.000
   168:       13.000        1.000        0.000        0.000        0.000        0.000        0.000        0.000        0.000        0.000        1.000        0.000        3.760        0.000
   182:       14.000        2.000       43.340        0.000        1.000        0.000        0.000      212.110        1.000        0.000        0.000        0.000        0.000        0.000
   196:       15.000        2.000        2.680        0.000        1.000        0.000        0.000        0.000        1.000        0.000        0.000        0.000        0.000        0.000
   210:       16.000        1.000        0.000        0.000        0.000        0.000        0.000        0.000        0.000        0.000        1.000        0.000       28.570        0.000
   224:       17.000        2.000       21.260        0.000        0.000        0.000        0.000        0.000        1.000        0.000        0.000        0.000        0.000        0.000
   238:       18.000        2.000        5.120        0.000        0.000        0.000        0.000        0.000        1.000        0.000        0.000        0.000        0.000        0.000
   252:       19.000        2.000        4.430        0.000        0.000        0.000        0.000        0.000        1.000        0.000        0.000        0.000        0.000        0.000
   266:       20.000        2.000        1.330        0.000        2.000        0.000        0.000       84.950        1.000        0.000        0.000        0.000        0.000        0.000
   280:       21.000        2.000        3.030        0.000        0.000        0.000        0.000        0.000        1.000        0.000        0.000        0.000        0.000        0.000
   294:       22.000        2.000        3.130        0.000        0.000        0.000        0.000        0.000        1.000        0.000        0.000        0.000        0.000        0.000
   308:       23.000        2.000        7.980        0.000        0.000        0.000        0.000        0.000        1.000        0.000        0.000        0.000        0.000        0.000
   322:       24.000        2.000        2.420        0.000        0.000        0.000        0.000        0.000        1.000        0.000        0.000        0.000        0.000        0.000
   336:       25.000        1.000        8.040        0.000        2.000        0.000        0.000       66.920        1.000        0.000        0.000        0.000        0.000        0.000
   350:       26.000        1.000        0.000        3.000        0.000        0.000        0.000        0.000        0.000        0.000        0.000        1.000        0.000        0.000
   364:       27.000        1.000        0.000        0.000        0.000        0.000        0.000        0.000        0.000        0.000        1.000        0.000      157.740        0.000
   378:       28.000        1.000       45.080        0.000        3.000        0.000        0.000        0.950        1.000        0.000        0.000        0.000        0.000        0.000
   392:       29.000        2.000        5.060        3.000        0.000        0.000        0.000        0.000        1.000        0.000        0.000        0.000        0.000        0.000
   406:       30.000        2.000        2.300        0.000        2.000        0.000        0.000       17.520        1.000        0.000        0.000        0.000        0.000        0.000
   420:       31.000        1.000        0.000        0.000        0.000        0.000        0.000        0.000        0.000        0.000        0.000        1.000        0.000        0.000
   434:       32.000        2.000       25.340        0.000        0.000        0.000        0.000        0.000        1.000        0.000        0.000        0.000        0.000        0.000
   448:       33.000        1.000        6.750        0.000        2.000        0.000        0.000       18.830        1.000        0.000        1.000        0.000       79.740      421.080
   462:       34.000        2.000        1.670        0.000        1.000        0.000        0.000        6.690        1.000        0.000        0.000        0.000        0.000        0.000
   476:       35.000        2.000        3.170        0.000        0.000        0.000        0.000        0.000        1.000        0.000        0.000        0.000        0.000        0.000
   490:       36.000        2.000        3.630        0.000        0.000        0.000        0.000        0.000        1.000        0.000        0.000        0.000        0.000        0.000
   504:       37.000        1.000        3.790        0.000        5.000        0.000        0.000       30.340        1.000        0.000        0.000        0.000        0.000        0.000
   518:       38.000        1.000        0.000        1.000        2.000        3.000        0.000        0.000        0.000        0.000        0.000        1.000        0.000        0.000
   532:       39.000        2.000       29.410        0.000        0.000        0.000        0.000        0.000        1.000        0.000        0.000        0.000        0.000        0.000
   546:       42.000        1.000        6.720        0.000        1.000        0.000        0.000       20.700        1.000        0.000        0.000        0.000        0.000        0.000
   560:       44.000        1.000        0.000        0.000        1.000        0.000        0.000        0.000        0.000        0.000        1.000        0.000      123.160        0.000
   574:       46.000        1.000        0.000        0.000        0.000        0.000        0.000        0.000        0.000        0.000        1.000        0.000        4.140        0.000
   588:       47.000        1.000        0.000        0.000        0.000        0.000        0.000        0.000        0.000        0.000        0.000        1.000        0.000        0.000
   602:       49.000        1.000       68.130        0.000        3.000        0.000        0.000        0.930        1.000        0.000        0.000        0.000        0.000        0.000
   616:       54.000        1.000        9.320        1.000        7.000        0.000        0.000        0.000        1.000        0.000        0.000        0.000        0.000        0.000
K:
     0:        1.000        2.000
T:
     0:        9.330       10.010       59.240       96.900
