File: C:\MED-PC\Data\2017-11-14_10h48m_Subject 414.txt


Start Date: 11/14/17
End Date: 11/14/17
Subject: 414
Experiment: ACI JAX 11.14
Group: 
Box: 3
Start Time: 10:48:15
End Time: 11:15:01
MSN: Discrimination Tone Training_v3
C:      22.000
D:      25.000
E:       0.000
F:       1.000
G:       2.000
H:       2.000
I:     658.000
J:       0.000
L:       0.000
M:      52.000
N:       1.000
O:       0.000
P:       0.000
Q:       0.000
R:       0.000
S:       0.000
U:       0.000
V:       0.000
W:       0.000
X:       0.000
Y:       0.000
Z:       0.000
A:
     0:     2000.000       75.000       30.000     9000.000       63.000       30.000       10.000        1.000
B:
     0:        1.000        1.000        0.000        1.000        0.000        0.000        0.000        0.000        0.000        0.000        3.000        0.000       10.250        0.000
    14:        2.000        2.000       44.870        0.000        0.000        0.000        0.000        0.000        1.000        0.000        0.000        0.000        0.000        0.000
    28:        3.000        2.000        9.610        0.000        0.000        0.000        0.000        0.000        1.000        0.000        0.000        0.000        0.000        0.000
    42:        4.000        2.000        7.950        0.000        0.000        0.000        0.000        0.000        1.000        0.000        1.000        0.000       37.900        0.000
    56:        5.000        2.000        8.250        0.000        0.000        0.000        0.000        0.000        1.000        0.000        0.000        0.000        0.000        0.000
    70:        6.000        2.000       15.430        1.000        0.000        0.000        0.000        0.000        1.000        0.000        0.000        0.000        0.000        0.000
    84:        7.000        1.000        7.900        0.000        5.000        0.000        0.000      105.420        1.000        0.000        0.000        0.000        0.000        0.000
    98:        8.000        1.000       12.250        1.000        2.000        0.000        0.000        0.000        1.000        0.000        1.000        0.000       70.790      158.170
   112:        9.000        1.000       20.550        0.000        3.000        0.000        0.000       32.250        1.000        0.000        0.000        0.000        0.000        0.000
   126:       10.000        1.000        9.090        1.000        4.000        0.000        0.000        0.000        1.000        0.000        0.000        0.000        0.000        0.000
   140:       11.000        1.000        1.720        0.000        2.000        0.000        0.000       13.770        1.000        0.000        0.000        0.000        0.000        0.000
   154:       12.000        2.000        0.000        3.000        0.000        0.000        0.000        0.000        0.000        0.000        2.000        0.000       85.090        0.000
   168:       13.000        1.000       48.250        0.000        6.000        0.000        0.000        1.040        1.000        0.000        0.000        0.000        0.000        0.000
   182:       14.000        2.000       19.060        0.000        0.000        0.000        0.000        0.000        1.000        0.000        2.000        0.000       25.420        0.000
   196:       15.000        2.000        2.360        0.000        0.000        0.000        0.000        0.000        1.000        0.000        0.000        0.000        0.000        0.000
   210:       16.000        2.000       22.990        0.000        0.000        0.000        0.000        0.000        1.000        0.000        3.000        0.000       14.270        0.000
   224:       17.000        2.000       17.880        0.000        0.000        0.000        0.000        0.000        1.000        0.000        0.000        0.000        0.000        0.000
   238:       18.000        2.000       16.570        0.000        0.000        0.000        0.000        0.000        1.000        0.000        1.000        0.000       34.760        0.000
   252:       19.000        1.000        0.000        0.000        0.000        0.000        0.000        0.000        0.000        0.000        1.000        0.000       29.930        0.000
   266:       20.000        2.000        0.000        0.000        0.000        0.000        0.000        0.000        0.000        0.000        2.000        0.000       17.740        0.000
   280:       21.000        1.000       86.490        0.000        3.000        0.000        0.000      202.400        1.000        0.000        0.000        0.000        0.000        0.000
   294:       22.000        1.000        9.090        0.000        3.000        0.000        0.000        1.080        1.000        0.000        0.000        0.000        0.000        0.000
   308:       23.000        2.000        0.000        2.000        0.000        0.000        0.000        0.000        0.000        0.000        2.000        0.000       55.780        0.000
   322:       24.000        2.000       44.540        0.000        0.000        0.000        0.000        0.000        1.000        0.000        0.000        0.000        0.000        0.000
   336:       25.000        1.000       14.530        0.000        2.000        0.000        0.000       26.800        1.000        0.000        0.000        0.000        0.000        0.000
   350:       26.000        1.000        4.540        0.000        3.000        0.000        0.000        1.000        1.000        0.000        0.000        0.000        0.000        0.000
   364:       27.000        2.000        8.990        0.000        0.000        0.000        0.000        0.000        1.000        0.000        0.000        0.000        0.000        0.000
   378:       28.000        2.000        0.000        0.000        0.000        0.000        0.000        0.000        0.000        0.000        0.000        1.000        0.000        0.000
   392:       29.000        2.000       46.870        0.000        0.000        0.000        0.000        0.000        1.000        0.000        0.000        0.000        0.000        0.000
   406:       30.000        1.000        0.000        0.000        0.000        0.000        0.000        0.000        0.000        0.000        1.000        0.000      140.130        0.000
   420:       31.000        2.000       48.470        0.000        0.000        0.000        0.000        0.000        1.000        0.000        0.000        0.000        0.000        0.000
   434:       32.000        2.000       18.630        0.000        0.000        0.000        0.000        0.000        1.000        0.000        0.000        0.000        0.000        0.000
   448:       33.000        2.000       13.240        0.000        0.000        0.000        0.000        0.000        1.000        0.000        0.000        0.000        0.000        0.000
   462:       34.000        1.000        0.000        0.000        0.000        0.000        0.000        0.000        0.000        0.000        2.000        0.000       79.540        0.000
   476:       35.000        1.000        0.000        0.000        0.000        0.000        0.000        0.000        0.000        0.000        4.000        0.000       18.740        0.000
   490:       36.000        2.000       90.230        0.000        0.000        0.000        0.000        0.000        1.000        0.000        1.000        0.000        1.660        0.000
   504:       37.000        1.000        0.000        0.000        0.000        0.000        0.000        0.000        0.000        0.000        3.000        0.000       15.080        0.000
   518:       38.000        1.000        0.000        0.000        0.000        0.000        0.000        0.000        0.000        0.000        0.000        1.000        0.000        0.000
   532:       39.000        2.000        0.000        0.000        0.000        0.000        0.000        0.000        0.000        0.000        0.000        1.000        0.000        0.000
   546:       40.000        2.000      130.540        0.000        0.000        0.000        0.000        0.000        1.000        0.000        0.000        0.000        0.000        0.000
   560:       41.000        1.000        0.000        0.000        0.000        0.000        0.000        0.000        0.000        0.000        0.000        1.000        0.000        0.000
   574:       42.000        1.000        0.000        0.000        0.000        0.000        0.000        0.000        0.000        0.000        0.000        1.000        0.000        0.000
   588:       43.000        2.000        0.000        0.000        0.000        0.000        0.000        0.000        0.000        0.000        0.000        1.000        0.000        0.000
   602:       44.000        2.000        0.000        0.000        0.000        0.000        0.000        0.000        0.000        0.000        0.000        1.000        0.000        0.000
   616:       47.000        1.000        0.000        0.000        0.000        0.000        0.000        0.000        0.000        0.000        4.000        0.000      285.440        0.000
   630:       49.000        1.000        0.000        0.000        0.000        0.000        0.000        0.000        0.000        0.000        0.000        1.000        0.000        0.000
   644:       52.000        1.000      264.880        0.000        0.000        0.000        0.000        0.000        1.000        0.000        0.000        0.000        0.000        0.000
K:
     0:        1.000        2.000
T:
     0:      264.890      700.080       66.300     1096.060
