File: C:\MED-PC\Data\2017-11-25_15h34m_Subject 175.txt


Start Date: 11/25/17
End Date: 11/25/17
Subject: 175
Experiment: ACI JAX 11.25
Group: 0
Box: 1
Start Time: 15:34:59
End Time: 15:47:48
MSN: Discrimination Tone Training_v3
C:      20.000
D:      25.000
E:       0.000
F:       1.000
G:       2.000
H:       2.000
I:     630.000
J:       0.000
L:       0.000
M:      52.000
N:       1.000
O:       0.000
P:       0.000
Q:       0.000
R:       0.000
S:       0.000
U:       0.000
V:       0.000
W:       0.000
X:       0.000
Y:       0.000
Z:       0.000
A:
     0:     2000.000       75.000       15.000     9000.000       63.000       15.000       10.000        1.000
B:
     0:        1.000        1.000       11.370        0.000        2.000        0.000        0.000        1.120        1.000        0.000        0.000        0.000        0.000        0.000
    14:        2.000        2.000        7.510        0.000        0.000        0.000        0.000        0.000        1.000        0.000        1.000        0.000       23.660        0.000
    28:        3.000        1.000        0.850        0.000        1.000        0.000        0.000       18.660        1.000        0.000        0.000        0.000        0.000        0.000
    42:        4.000        1.000        0.670        0.000        1.000        0.000        0.000        0.970        1.000        0.000        0.000        0.000        0.000        0.000
    56:        5.000        1.000        6.430        0.000        1.000        0.000        0.000        1.150        1.000        0.000        1.000        0.000       27.920       48.440
    70:        6.000        2.000       11.640        0.000        1.000        0.000        0.000        7.990        1.000        0.000        0.000        0.000        0.000        0.000
    84:        7.000        2.000        5.300        0.000        0.000        0.000        0.000        0.000        1.000        0.000        1.000        0.000       24.580        0.000
    98:        8.000        2.000       11.150        2.000        1.000        0.000        0.000        0.000        1.000        0.000        3.000        0.000        1.710        0.000
   112:        9.000        2.000        6.310        0.000        0.000        0.000        0.000        0.000        1.000        0.000        1.000        0.000        0.670        0.000
   126:       10.000        2.000        6.990        0.000        1.000        0.000        0.000       62.020        1.000        0.000        1.000        0.000        3.040       65.410
   140:       11.000        1.000        3.590        1.000        1.000        0.000        0.000        0.000        1.000        0.000        0.000        0.000        0.000        0.000
   154:       12.000        2.000       11.770        0.000        0.000        0.000        0.000        0.000        1.000        0.000        3.000        0.000       17.280        0.000
   168:       13.000        2.000        0.000        1.000        0.000        0.000        0.000        0.000        0.000        0.000        4.000        0.000        0.700       22.250
   182:       14.000        2.000       30.270        0.000        0.000        0.000        0.000        0.000        1.000        0.000        0.000        0.000        0.000        0.000
   196:       15.000        2.000        1.490        0.000        0.000        0.000        0.000        0.000        1.000        0.000        0.000        0.000        0.000        0.000
   210:       16.000        1.000        4.800        1.000        3.000        0.000        0.000        0.000        1.000        0.000        0.000        0.000        0.000        0.000
   224:       17.000        2.000        7.250        0.000        0.000        0.000        0.000        0.000        1.000        0.000        2.000        0.000       43.870        0.000
   238:       18.000        1.000        1.840        0.000        1.000        0.000        0.000      131.070        1.000        0.000        0.000        0.000        0.000        0.000
   252:       19.000        2.000        8.650        0.000        0.000        0.000        0.000        0.000        1.000        0.000        1.000        0.000       15.430        0.000
   266:       20.000        2.000        8.550        2.000        0.000        0.000        0.000        0.000        1.000        0.000        1.000        0.000        6.010        0.000
   280:       21.000        2.000        1.500        0.000        0.000        0.000        0.000        0.000        1.000        0.000        0.000        0.000        0.000        0.000
   294:       22.000        2.000       11.660        0.000        0.000        0.000        0.000        0.000        1.000        0.000        4.000        0.000       12.910        0.000
   308:       23.000        1.000        7.390        3.000        1.000        0.000        0.000        0.000        1.000        0.000        0.000        0.000        0.000        0.000
   322:       24.000        1.000        7.760        0.000        3.000        0.000        0.000        0.000        1.000        0.000        0.000        0.000        0.000        0.000
   336:       25.000        2.000        8.450        0.000        1.000        0.000        0.000      121.110        1.000        0.000        2.000        0.000       37.730        0.000
   350:       26.000        1.000        1.880        0.000        0.000        0.000        0.000        0.000        1.000        0.000        0.000        0.000        0.000        0.000
   364:       27.000        1.000        2.480        0.000        1.000        0.000        0.000       14.490        1.000        0.000        0.000        0.000        0.000        0.000
   378:       28.000        2.000        0.000        0.000        0.000        0.000        0.000        0.000        0.000        0.000        3.000        0.000       27.930        0.000
   392:       29.000        2.000       30.710        0.000        0.000        0.000        0.000        0.000        1.000        0.000        2.000        0.000        0.960        0.000
   406:       30.000        2.000        5.640        0.000        0.000        0.000        0.000        0.000        1.000        0.000        0.000        0.000        0.000        0.000
   420:       31.000        2.000        3.340        0.000        0.000        0.000        0.000        0.000        1.000        0.000        0.000        0.000        0.000        0.000
   434:       32.000        1.000        4.050        0.000        4.000        0.000        0.000       48.350        1.000        0.000        0.000        0.000        0.000        0.000
   448:       33.000        1.000        2.250        0.000        5.000        0.000        0.000        0.780        1.000        0.000        0.000        0.000        0.000        0.000
   462:       34.000        2.000        8.290        0.000        0.000        0.000        0.000        0.000        1.000        0.000        2.000        0.000       59.950        0.000
   476:       35.000        2.000        7.380        0.000        1.000        0.000        0.000       27.210        1.000        0.000        1.000        0.000        3.290      325.030
   490:       36.000        1.000        0.290        0.000        0.000        0.000        0.000        0.000        1.000        0.000        0.000        0.000        0.000        0.000
   504:       37.000        1.000        0.030        0.000        2.000        0.000        0.000       11.970        1.000        0.000        0.000        0.000        0.000        0.000
   518:       38.000        1.000        1.180        0.000        1.000        0.000        0.000        1.450        1.000        0.000        0.000        0.000        0.000        0.000
   532:       39.000        1.000        3.220        0.000        1.000        0.000        0.000        1.240        1.000        0.000        0.000        0.000        0.000        0.000
   546:       40.000        2.000        4.310        0.000        0.000        0.000        0.000        0.000        1.000        0.000        0.000        0.000        0.000        0.000
   560:       41.000        2.000        9.580        0.000        0.000        0.000        0.000        0.000        1.000        0.000        3.000        0.000       64.620        0.000
   574:       42.000        2.000        4.080        0.000        0.000        0.000        0.000        0.000        1.000        0.000        1.000        0.000        0.010        0.000
   588:       47.000        1.000        0.530        0.000        0.000        0.000        0.000        0.000        1.000        0.000        0.000        0.000        0.000        0.000
   602:       49.000        1.000        6.210        0.000        2.000        0.000        0.000       70.510        1.000        0.000        2.000        0.000       13.370        0.000
   616:       52.000        1.000        0.840        0.000        2.000        0.000        0.000        1.090        1.000        0.000        0.000        0.000        0.000        0.000
K:
     0:        1.000        2.000
T:
     0:        0.850        1.100       10.860       81.930
