File: C:\MED-PC\Data\2017-11-29_10h47m_Subject 416.txt


Start Date: 11/29/17
End Date: 11/29/17
Subject: 416
Experiment: ACI JAX 11.29
Group: 0
Box: 1
Start Time: 10:47:55
End Time: 11:04:49
MSN: Discrimination Tone Training_v3
C:      25.000
D:      25.000
E:       0.000
F:       1.000
G:       2.000
H:       2.000
I:     700.000
J:       0.000
L:       0.000
M:      50.000
N:       2.000
O:       0.000
P:       0.000
Q:       0.000
R:       0.000
S:       0.000
U:       0.000
V:       0.000
W:       0.000
X:       0.000
Y:       0.000
Z:       0.000
A:
     0:     2000.000       75.000       10.000     9000.000       63.000       10.000       10.000        1.000
B:
     0:        1.000        1.000        0.000        0.000        0.000        0.000        0.000        0.000        0.000        0.000        1.000        0.000        6.600        0.000
    14:        2.000        2.000       22.760        0.000        0.000        0.000        0.000        0.000        1.000        0.000        0.000        0.000        0.000        0.000
    28:        3.000        2.000        2.780        0.000        0.000        0.000        0.000        0.000        1.000        0.000        0.000        0.000        0.000        0.000
    42:        4.000        2.000        8.540        0.000        0.000        0.000        0.000        0.000        1.000        0.000        0.000        0.000        0.000        0.000
    56:        5.000        2.000        2.570        0.000        0.000        0.000        0.000        0.000        1.000        0.000        0.000        0.000        0.000        0.000
    70:        6.000        1.000        0.000        0.000        0.000        0.000        0.000        0.000        0.000        0.000        2.000        0.000       63.770        0.000
    84:        7.000        1.000        0.000        0.000        0.000        0.000        1.000        0.000        0.000        0.000        2.000        0.000        3.720        0.000
    98:        8.000        1.000        0.000        0.000        0.000        0.000        3.000        0.000        0.000        0.000        1.000        0.000        7.950      130.610
   112:        9.000        1.000        0.000        1.000        0.000        0.000        0.000        0.000        0.000        0.000        0.000        1.000        0.000        0.000
   126:       10.000        2.000       86.510        0.000        0.000        0.000        0.000        0.000        1.000        0.000        0.000        0.000        0.000        0.000
   140:       11.000        1.000        1.410        0.000        2.000        0.000        0.000      158.320        1.000        0.000        0.000        0.000        0.000        0.000
   154:       12.000        2.000        0.060        0.000        0.000        0.000        0.000        0.000        1.000        0.000        0.000        0.000        0.000        0.000
   168:       13.000        2.000        1.390        0.000        2.000        0.000        0.000       20.140        1.000        0.000        0.000        0.000        0.000        0.000
   182:       14.000        1.000        0.000        0.000        0.000        0.000        0.000        0.000        0.000        0.000        1.000        0.000       80.050        0.000
   196:       15.000        1.000       23.340        0.000        4.000        0.000        0.000        0.890        1.000        0.000        0.000        0.000        0.000        0.000
   210:       16.000        1.000        0.000        0.000        0.000        0.000        0.000        0.000        0.000        0.000        4.000        0.000       20.920        0.000
   224:       17.000        1.000       21.300        0.000        2.000        0.000        0.000        1.480        1.000        0.000        0.000        0.000        0.000        0.000
   238:       18.000        2.000        0.000        0.000        0.000        0.000        0.000        0.000        0.000        0.000        0.000        1.000        0.000        0.000
   252:       19.000        1.000        0.000        0.000        0.000        0.000        0.000        0.000        0.000        0.000        1.000        0.000       34.990        0.000
   266:       20.000        1.000        0.000        0.000        0.000        0.000        0.000        0.000        0.000        0.000        1.000        0.000        1.340        0.000
   280:       21.000        1.000       70.020        0.000        3.000        0.000        0.000        1.090        1.000        0.000        1.000        0.000        4.670      127.860
   294:       22.000        2.000        0.300        0.000        0.000        0.000        0.000        0.000        1.000        0.000        0.000        0.000        0.000        0.000
   308:       23.000        2.000        1.650        0.000        0.000        0.000        0.000        0.000        1.000        0.000        0.000        0.000        0.000        0.000
   322:       24.000        1.000        8.730        0.000        1.000        0.000        0.000       34.140        1.000        0.000        3.000        0.000       25.420        0.000
   336:       25.000        1.000        0.000        0.000        0.000        0.000        0.000        0.000        0.000        0.000        4.000        0.000        0.200        0.000
   350:       26.000        1.000        0.000        0.000        0.000        0.000        0.000        0.000        0.000        0.000        2.000        0.000        2.570        0.000
   364:       27.000        2.000       51.640        0.000        0.000        0.000        0.000        0.000        0.000        1.000        0.000        0.000        0.000        0.000
   378:       28.000        2.000        7.560        0.000        0.000        0.000        0.000        0.000        1.000        0.000        0.000        0.000        0.000        0.000
   392:       29.000        2.000        0.110        0.000        0.000        0.000        0.000        0.000        1.000        0.000        0.000        0.000        0.000        0.000
   406:       30.000        1.000        0.000        0.000        0.000        0.000        0.000        0.000        0.000        0.000        3.000        0.000       54.710        0.000
   420:       31.000        1.000       21.710        0.000        3.000        0.000        0.000       63.670        1.000        0.000        0.000        0.000        0.000        0.000
   434:       32.000        1.000        7.840        0.000        2.000        0.000        0.000        1.000        1.000        0.000        1.000        0.000       16.160      152.330
   448:       33.000        1.000        0.340        0.000        2.000        0.000        0.000        0.920        1.000        0.000        0.000        0.000        0.000        0.000
   462:       34.000        1.000        0.100        0.000        2.000        0.000        0.000        0.980        1.000        0.000        0.000        0.000        0.000        0.000
   476:       35.000        2.000        0.030        0.000        0.000        0.000        0.000        0.000        1.000        0.000        0.000        0.000        0.000        0.000
   490:       36.000        2.000        9.850        0.000        0.000        0.000        0.000        0.000        0.000        1.000        0.000        0.000        0.000        0.000
   504:       37.000        1.000        1.980        0.000        2.000        0.000        0.000       34.980        1.000        0.000        0.000        0.000        0.000        0.000
   518:       38.000        1.000        0.000        1.000        0.000        0.000        2.000        0.000        0.000        0.000        2.000        0.000       73.700        0.000
   532:       39.000        2.000       27.600        0.000        0.000        0.000        0.000        0.000        1.000        0.000        0.000        0.000        0.000        0.000
   546:       40.000        2.000        4.700        0.000        0.000        0.000        0.000        0.000        1.000        0.000        1.000        0.000       19.050        0.000
   560:       41.000        2.000        1.960        0.000        0.000        0.000        0.000        0.000        1.000        0.000        0.000        0.000        0.000        0.000
   574:       42.000        2.000        9.360        0.000        0.000        0.000        0.000        0.000        0.000        1.000        0.000        0.000        0.000        0.000
   588:       43.000        1.000        1.310        0.000        1.000        0.000        0.000       62.750        1.000        0.000        0.000        0.000        0.000        0.000
   602:       44.000        1.000        4.880        0.000        3.000        0.000        0.000        0.850        1.000        0.000        1.000        0.000       48.900       99.560
   616:       45.000        2.000        0.000        0.000        0.000        0.000        0.000        0.000        0.000        0.000        0.000        1.000        0.000        0.000
   630:       46.000        2.000       31.110        0.000        0.000        0.000        0.000        0.000        0.000        1.000        0.000        0.000        0.000        0.000
   644:       47.000        2.000        3.190        0.000        0.000        0.000        0.000        0.000        1.000        0.000        0.000        0.000        0.000        0.000
   658:       48.000        2.000        0.000        0.000        0.000        0.000        0.000        0.000        0.000        0.000        2.000        0.000       56.490        0.000
   672:       49.000        2.000       30.320        0.000        0.000        0.000        0.000        0.000        0.000        1.000        0.000        0.000        0.000        0.000
   686:       50.000        2.000        6.930        0.000        0.000        0.000        0.000        0.000        1.000        0.000        0.000        0.000        0.000        0.000
K:
     0:        1.000        2.000
T:
     0:        6.940       83.540       37.170       58.160
