File: C:\MED-PC\Data\2017-11-28_10h29m_Subject 414.txt


Start Date: 11/28/17
End Date: 11/28/17
Subject: 414
Experiment: ACI JAX 11.28
Group: 0
Box: 4
Start Time: 10:29:40
End Time: 10:48:30
MSN: Discrimination Tone Training_v3
C:      24.000
D:      25.000
E:       0.000
F:       1.000
G:       2.000
H:       3.000
I:     686.000
J:       0.000
L:       0.000
M:      52.000
N:       1.000
O:       0.000
P:       0.000
Q:       0.000
R:       0.000
S:       0.000
U:       0.000
V:       0.000
W:       0.000
X:       0.000
Y:       0.000
Z:       0.000
A:
     0:     2000.000       75.000       10.000     9000.000       63.000       10.000       10.000        1.000
B:
     0:        1.000        1.000        0.000        0.000        0.000        0.000        0.000        0.000        0.000        0.000        0.000        1.000        0.000        0.000
    14:        2.000        2.000       28.040        0.000        0.000        0.000        0.000        0.000        1.000        0.000        0.000        0.000        0.000        0.000
    28:        3.000        2.000        4.120        0.000        0.000        0.000        0.000        0.000        1.000        0.000        0.000        0.000        0.000        0.000
    42:        4.000        2.000        0.000        0.000        0.000        0.000        0.000        0.000        0.000        0.000        0.000        1.000        0.000        0.000
    56:        5.000        2.000        0.000        2.000        0.000        0.000        0.000        0.000        0.000        0.000        0.000        1.000        0.000        0.000
    70:        6.000        2.000       43.360        0.000        0.000        0.000        0.000        0.000        1.000        0.000        0.000        0.000        0.000        0.000
    84:        7.000        2.000        0.530        0.000        0.000        0.000        0.000        0.000        1.000        0.000        0.000        0.000        0.000        0.000
    98:        8.000        2.000        0.000        0.000        0.000        1.000        0.000        0.000        0.000        0.000        0.000        1.000        0.000        0.000
   112:        9.000        1.000       29.410        1.000        1.000        0.000        0.000        0.000        1.000        0.000        0.000        0.000        0.000        0.000
   126:       10.000        2.000        3.280        0.000        0.000        0.000        0.000        0.000        1.000        0.000        0.000        0.000        0.000        0.000
   140:       11.000        2.000        0.000        0.000        0.000        0.000        0.000        0.000        0.000        0.000        0.000        1.000        0.000        0.000
   154:       12.000        2.000       21.340        0.000        0.000        0.000        0.000        0.000        1.000        0.000        0.000        0.000        0.000        0.000
   168:       13.000        1.000        0.000        0.000        0.000        0.000        0.000        0.000        0.000        0.000        0.000        1.000        0.000        0.000
   182:       14.000        2.000       24.070        0.000        0.000        0.000        0.000        0.000        1.000        0.000        0.000        0.000        0.000        0.000
   196:       15.000        2.000        5.440        0.000        0.000        0.000        0.000        0.000        1.000        0.000        2.000        0.000      242.780        0.000
   210:       16.000        1.000        6.500        0.000        1.000        0.000        0.000      238.290        1.000        0.000        1.000        0.000        3.330       23.550
   224:       17.000        1.000        1.090        0.000        1.000        0.000        0.000        1.040        1.000        0.000        0.000        0.000        0.000        0.000
   238:       18.000        2.000        9.120        0.000        0.000        0.000        0.000        0.000        0.000        1.000        2.000        0.000       12.670        0.000
   252:       19.000        2.000        6.720        0.000        0.000        0.000        0.000        0.000        1.000        0.000        0.000        0.000        0.000        0.000
   266:       20.000        2.000        8.590        0.000        0.000        0.000        0.000        0.000        1.000        0.000        3.000        0.000       18.320        0.000
   280:       21.000        2.000        0.000        0.000        0.000        0.000        0.000        0.000        0.000        0.000        5.000        0.000        2.040        0.000
   294:       22.000        2.000       22.150        0.000        0.000        0.000        0.000        0.000        1.000        0.000        0.000        0.000        0.000        0.000
   308:       23.000        1.000        0.200        0.000        3.000        0.000        0.000       82.650        1.000        0.000        0.000        0.000        0.000        0.000
   322:       24.000        1.000        0.000        2.000        0.000        0.000        0.000        0.000        0.000        0.000        1.000        0.000       28.900        0.000
   336:       25.000        1.000        0.000        0.000        0.000        0.000        0.000        0.000        0.000        0.000        1.000        0.000        5.170        0.000
   350:       26.000        1.000       42.790        0.000        2.000        0.000        0.000        0.900        1.000        0.000        0.000        0.000        0.000        0.000
   364:       27.000        1.000        0.260        0.000        1.000        0.000        0.000        0.750        1.000        0.000        0.000        0.000        0.000        0.000
   378:       28.000        2.000        8.360        0.000        0.000        0.000        0.000        0.000        1.000        0.000        5.000        0.000       23.070        0.000
   392:       29.000        1.000        0.000        0.000        0.000        0.000        0.000        0.000        0.000        0.000        0.000        1.000        0.000        0.000
   406:       30.000        1.000       21.960        0.000        1.000        0.000        0.000       33.770        1.000        0.000        0.000        0.000        0.000        0.000
   420:       31.000        2.000        9.070        0.000        0.000        0.000        0.000        0.000        0.000        1.000        6.000        0.000       33.080        0.000
   434:       32.000        1.000        0.000        0.000        0.000        0.000        0.000        0.000        0.000        0.000        0.000        1.000        0.000        0.000
   448:       33.000        2.000       28.100        0.000        0.000        0.000        0.000        0.000        1.000        0.000        2.000        0.000       21.820        0.000
   462:       34.000        2.000        0.000        0.000        0.000        0.000        0.000        0.000        0.000        0.000        0.000        1.000        0.000        0.000
   476:       35.000        1.000       22.230        0.000        1.000        0.000        0.000       73.370        1.000        0.000        0.000        0.000        0.000        0.000
   490:       36.000        2.000        0.000        0.000        0.000        0.000        0.000        0.000        0.000        0.000        3.000        0.000       34.000        0.000
   504:       37.000        1.000       24.970        0.000        4.000        0.000        0.000        0.950        1.000        0.000        0.000        0.000        0.000        0.000
   518:       38.000        1.000        0.850        0.000        1.000        0.000        0.000        0.830        1.000        0.000        0.000        0.000        0.000        0.000
   532:       39.000        2.000        4.260        0.000        0.000        0.000        0.000        0.000        1.000        0.000        0.000        0.000        0.000        0.000
   546:       40.000        1.000        0.000        0.000        0.000        0.000        0.000        0.000        0.000        0.000        0.000        1.000        0.000        0.000
   560:       41.000        2.000       23.480        0.000        0.000        0.000        0.000        0.000        1.000        0.000        0.000        0.000        0.000        0.000
   574:       42.000        1.000        0.000        0.000        0.000        0.000        0.000        0.000        0.000        0.000        0.000        1.000        0.000        0.000
   588:       43.000        1.000        0.000        0.000        0.000        0.000        0.000        0.000        0.000        0.000        1.000        0.000       99.940        0.000
   602:       44.000        1.000       48.050        0.000        1.000        0.000        0.000       94.440        1.000        0.000        0.000        0.000        0.000        0.000
   616:       45.000        1.000        0.520        0.000        1.000        0.000        0.000        1.010        1.000        0.000        0.000        0.000        0.000        0.000
   630:       46.000        1.000        5.620        0.000        2.000        0.000        0.000        0.740        1.000        0.000        0.000        0.000        0.000        0.000
   644:       47.000        2.000        0.000        0.000        0.000        1.000        0.000        0.000        0.000        0.000        0.000        1.000        0.000        0.000
   658:       49.000        1.000       23.430        0.000        1.000        0.000        0.000        1.120        1.000        0.000        0.000        0.000        0.000        0.000
   672:       52.000        1.000        0.000        0.000        0.000        0.000        0.000        0.000        0.000        0.000        0.000        1.000        0.000        0.000
K:
     0:        1.000        2.000
T:
     0:       20.120        1.130      101.600      552.890
