File: C:\MED-PC\Data\2017-11-16_11h35m_Subject 415.txt


Start Date: 11/16/17
End Date: 11/16/17
Subject: 415
Experiment: ACI JAX 11.16
Group: 0
Box: 3
Start Time: 11:35:43
End Time: 11:59:05
MSN: Discrimination Tone Training_v3
C:      22.000
D:      25.000
E:       0.000
F:       1.000
G:       2.000
H:       4.000
I:     658.000
J:       0.000
L:       0.000
M:      52.000
N:       1.000
O:       0.000
P:       0.000
Q:       0.000
R:       0.000
S:       0.000
U:       0.000
V:       0.000
W:       0.000
X:       0.000
Y:       0.000
Z:       0.000
A:
     0:     2000.000       75.000       30.000     9000.000       63.000       30.000       10.000        1.000
B:
     0:        1.000        1.000        0.000        0.000        0.000        0.000        0.000        0.000        0.000        0.000        5.000        0.000        4.650        0.000
    14:        2.000        2.000       50.340        0.000        0.000        0.000        0.000        0.000        1.000        0.000        0.000        0.000        0.000        0.000
    28:        3.000        2.000        4.100        0.000        3.000        0.000        0.000       18.980        1.000        0.000        0.000        0.000        0.000        0.000
    42:        4.000        2.000        5.170        0.000        0.000        0.000        0.000        0.000        1.000        0.000        0.000        0.000        0.000        0.000
    56:        5.000        2.000        5.560        0.000        0.000        0.000        0.000        0.000        1.000        0.000        0.000        0.000        0.000        0.000
    70:        6.000        2.000        1.290        0.000        1.000        0.000        0.000       34.600        1.000        0.000        0.000        0.000        0.000        0.000
    84:        7.000        1.000        0.000        1.000        0.000        0.000        0.000        0.000        0.000        0.000        1.000        0.000      104.080        0.000
    98:        8.000        1.000        0.000        3.000        0.000        0.000        1.000        0.000        0.000        0.000        0.000        1.000        0.000        0.000
   112:        9.000        1.000       98.260        0.000        2.000        0.000        0.000        1.580        1.000        0.000        3.000        0.000       42.760        0.000
   126:       10.000        1.000        0.000        2.000        0.000        0.000        2.000        0.000        0.000        0.000        2.000        0.000        4.960        0.000
   140:       11.000        1.000        0.000        0.000        0.000        0.000        4.000        0.000        0.000        0.000        3.000        0.000       11.180        0.000
   154:       12.000        2.000       91.320        0.000        0.000        0.000        0.000        0.000        1.000        0.000        0.000        0.000        0.000        0.000
   168:       13.000        1.000        0.000        0.000        0.000        0.000        0.000        0.000        0.000        0.000        4.000        0.000       33.440        0.000
   182:       14.000        2.000       54.040        0.000        0.000        0.000        0.000        0.000        1.000        0.000        0.000        0.000        0.000        0.000
   196:       15.000        2.000       18.550        0.000        0.000        0.000        0.000        0.000        1.000        0.000        0.000        0.000        0.000        0.000
   210:       16.000        2.000        0.000        0.000        0.000        0.000        0.000        0.000        0.000        0.000        0.000        1.000        0.000        0.000
   224:       17.000        2.000       45.800        0.000        0.000        0.000        0.000        0.000        1.000        0.000        0.000        0.000        0.000        0.000
   238:       18.000        2.000        2.190        0.000        0.000        0.000        0.000        0.000        1.000        0.000        0.000        0.000        0.000        0.000
   252:       19.000        1.000        0.000        0.000        0.000        0.000        0.000        0.000        0.000        0.000        1.000        0.000      135.610        0.000
   266:       20.000        2.000       45.140        0.000        0.000        0.000        0.000        0.000        1.000        0.000        0.000        0.000        0.000        0.000
   280:       21.000        1.000        0.000        0.000        0.000        0.000        0.000        0.000        0.000        0.000        2.000        0.000       15.390        0.000
   294:       22.000        1.000        0.000        0.000        0.000        0.000        0.000        0.000        0.000        0.000        4.000        0.000        3.220        0.000
   308:       23.000        2.000       86.280        0.000        3.000        0.000        0.000      327.340        1.000        0.000        0.000        0.000        0.000        0.000
   322:       24.000        2.000       10.380        1.000        5.000        0.000        0.000        0.000        1.000        0.000        0.000        0.000        0.000        0.000
   336:       25.000        1.000        0.000        1.000        0.000        3.000        0.000        0.000        0.000        0.000        0.000        1.000        0.000        0.000
   350:       26.000        1.000        0.000        2.000        0.000        1.000        1.000        0.000        0.000        0.000        4.000        0.000       79.590        0.000
   364:       27.000        2.000        0.000        4.000        0.000        1.000        1.000        0.000        0.000        0.000        0.000        1.000        0.000        0.000
   378:       28.000        2.000      126.060        0.000        0.000        0.000        0.000        0.000        1.000        0.000        0.000        0.000        0.000        0.000
   392:       29.000        2.000       15.360        0.000        0.000        0.000        0.000        0.000        1.000        0.000        0.000        0.000        0.000        0.000
   406:       30.000        1.000        0.000        0.000        0.000        0.000        0.000        0.000        0.000        0.000        4.000        0.000       84.390        0.000
   420:       31.000        2.000       49.790        0.000        0.000        0.000        0.000        0.000        1.000        0.000        0.000        0.000        0.000        0.000
   434:       32.000        2.000        4.610        0.000        0.000        0.000        0.000        0.000        1.000        0.000        0.000        0.000        0.000        0.000
   448:       33.000        2.000        2.360        0.000        0.000        0.000        0.000        0.000        1.000        0.000        0.000        0.000        0.000        0.000
   462:       34.000        1.000        0.000        0.000        0.000        0.000        0.000        0.000        0.000        0.000        5.000        0.000       61.370        0.000
   476:       35.000        1.000        0.000        0.000        0.000        0.000        0.000        0.000        0.000        0.000        5.000        0.000        0.170        0.000
   490:       36.000        2.000       82.370        0.000        1.000        0.000        0.000      354.370        1.000        0.000        0.000        0.000        0.000        0.000
   504:       37.000        1.000       20.280        0.000        2.000        0.000        0.000        1.220        1.000        0.000        2.000        0.000       21.700        0.000
   518:       38.000        1.000        0.000        7.000        2.000        0.000        0.000        0.000        0.000        0.000        0.000        1.000        0.000        0.000
   532:       39.000        2.000       50.140        0.000        0.000        0.000        0.000        0.000        1.000        0.000        0.000        0.000        0.000        0.000
   546:       40.000        2.000        8.040        0.000        0.000        0.000        0.000        0.000        1.000        0.000        0.000        0.000        0.000        0.000
   560:       41.000        1.000        0.000        1.000        0.000        0.000        0.000        0.000        0.000        0.000        4.000        0.000       86.930        0.000
   574:       42.000        1.000        0.000        0.000        0.000        0.000        0.000        0.000        0.000        0.000        4.000        0.000       13.970        0.000
   588:       43.000        2.000       83.570        0.000        0.000        0.000        0.000        0.000        1.000        0.000        0.000        0.000        0.000        0.000
   602:       44.000        2.000       16.680        0.000        0.000        0.000        0.000        0.000        1.000        0.000        0.000        0.000        0.000        0.000
   616:       47.000        1.000        0.000        7.000        0.000        0.000        0.000        0.000        0.000        0.000        0.000        1.000        0.000        0.000
   630:       49.000        1.000        0.000        0.000        0.000        0.000        1.000        0.000        0.000        0.000        4.000        0.000       85.960        0.000
   644:       52.000        1.000        0.000        2.000        0.000        0.000        2.000        0.000        0.000        0.000        2.000        0.000        4.620        0.000
K:
     0:        1.000        2.000
T:
     0:      125.350      279.750        4.630     1376.120
