File: C:\MED-PC\Data\2017-11-23_10h12m_Subject 416.txt


Start Date: 11/23/17
End Date: 11/23/17
Subject: 416
Experiment: ACI JAX 11.23
Group: 0
Box: 1
Start Time: 10:12:03
End Time: 10:32:12
MSN: Discrimination Tone Training_v3
C:      20.000
D:      25.000
E:       0.000
F:       1.000
G:       2.000
H:       2.000
I:     630.000
J:       0.000
L:       0.000
M:      51.000
N:       1.000
O:       0.000
P:       0.000
Q:       0.000
R:       0.000
S:       0.000
U:       0.000
V:       0.000
W:       0.000
X:       0.000
Y:       0.000
Z:       0.000
A:
     0:     2000.000       75.000       15.000     9000.000       63.000       15.000       10.000        1.000
B:
     0:        1.000        2.000        7.940        0.000        0.000        0.000        0.000        0.000        1.000        0.000        0.000        0.000        0.000        0.000
    14:        2.000        1.000        0.000        0.000        0.000        0.000        0.000        0.000        0.000        0.000        7.000        0.000       20.170        0.000
    28:        3.000        2.000       29.060        0.000        0.000        0.000        0.000        0.000        1.000        0.000        0.000        0.000        0.000        0.000
    42:        4.000        2.000        1.130        0.000        0.000        0.000        0.000        0.000        1.000        0.000        0.000        0.000        0.000        0.000
    56:        5.000        2.000        3.920        0.000        0.000        0.000        0.000        0.000        1.000        0.000        0.000        0.000        0.000        0.000
    70:        6.000        2.000        5.250        0.000        1.000        0.000        0.000       87.840        1.000        0.000        0.000        0.000        0.000        0.000
    84:        7.000        1.000        0.000        4.000        0.000        0.000        0.000        0.000        0.000        0.000        3.000        0.000       58.960        0.000
    98:        8.000        2.000       28.780        0.000        1.000        0.000        0.000        8.600        1.000        0.000        0.000        0.000        0.000        0.000
   112:        9.000        2.000        3.080        0.000        7.000        0.000        0.000        7.250        1.000        0.000        0.000        0.000        0.000        0.000
   126:       10.000        2.000        3.550        0.000        1.000        0.000        0.000        4.850        1.000        0.000        0.000        0.000        0.000        0.000
   140:       11.000        1.000        7.330        6.000        5.000        0.000        0.000        0.000        1.000        0.000        0.000        0.000        0.000        0.000
   154:       12.000        1.000       10.940        0.000        2.000        0.000        0.000       23.160        1.000        0.000        4.000        0.000       65.680        0.000
   168:       13.000        2.000       13.260        0.000        0.000        0.000        0.000        0.000        1.000        0.000        3.000        0.000        5.780        0.000
   182:       14.000        1.000        1.370        0.000        2.000        0.000        0.000       14.390        1.000        0.000        0.000        0.000        0.000        0.000
   196:       15.000        1.000        5.450        0.000        1.000        0.000        0.000        1.190        1.000        0.000        1.000        0.000       15.280      234.440
   210:       16.000        1.000        4.550        0.000        4.000        0.000        0.000        1.000        1.000        0.000        1.000        0.000        2.670        2.880
   224:       17.000        2.000        0.000        0.000        0.000        0.000        0.000        0.000        0.000        0.000        0.000        1.000        0.000        0.000
   238:       18.000        2.000       36.890        0.000        0.000        0.000        0.000        0.000        1.000        0.000        0.000        0.000        0.000        0.000
   252:       19.000        2.000        2.380        0.000        0.000        0.000        0.000        0.000        1.000        0.000        0.000        0.000        0.000        0.000
   266:       20.000        2.000        7.960        0.000        0.000        0.000        0.000        0.000        1.000        0.000        0.000        0.000        0.000        0.000
   280:       21.000        2.000        7.250        0.000        0.000        0.000        0.000        0.000        1.000        0.000        0.000        0.000        0.000        0.000
   294:       22.000        2.000        2.370        0.000        1.000        0.000        0.000       66.860        1.000        0.000        0.000        0.000        0.000        0.000
   308:       23.000        1.000        0.000        0.000        0.000        0.000        0.000        0.000        0.000        0.000        5.000        0.000      114.230        0.000
   322:       24.000        2.000       29.150        0.000        0.000        0.000        0.000        0.000        1.000        0.000        0.000        0.000        0.000        0.000
   336:       25.000        2.000        4.500        0.000        0.000        0.000        0.000        0.000        1.000        0.000        0.000        0.000        0.000        0.000
   350:       26.000        2.000        6.220        0.000        0.000        0.000        0.000        0.000        1.000        0.000        0.000        0.000        0.000        0.000
   364:       27.000        2.000        0.810        0.000        0.000        0.000        0.000        0.000        1.000        0.000        0.000        0.000        0.000        0.000
   378:       28.000        1.000       13.240        2.000        3.000        0.000        0.000        0.000        1.000        0.000        3.000        0.000       62.410        0.000
   392:       29.000        1.000        3.860        0.000        1.000        0.000        0.000       84.770        1.000        0.000        0.000        0.000        0.000        0.000
   406:       30.000        2.000       13.870        0.000        0.000        0.000        0.000        0.000        1.000        0.000        4.000        0.000       16.470        0.000
   420:       31.000        1.000        1.380        0.000        1.000        0.000        0.000       13.630        1.000        0.000        0.000        0.000        0.000        0.000
   434:       32.000        1.000        1.090        0.000       12.000        0.000        0.000        1.470        1.000        0.000        0.000        0.000        0.000        0.000
   448:       33.000        2.000        6.930        0.000        0.000        0.000        0.000        0.000        1.000        0.000        0.000        0.000        0.000        0.000
   462:       34.000        1.000        0.670        0.000        2.000        0.000        0.000       13.440        1.000        0.000        0.000        0.000        0.000        0.000
   476:       35.000        2.000       14.890        0.000        0.000        0.000        0.000        0.000        0.000        1.000        3.000        0.000       56.080        0.000
   490:       36.000        1.000       13.600        0.000        3.000        0.000        0.000       27.450        1.000        0.000        3.000        0.000        4.900        0.000
   504:       37.000        2.000        2.190        0.000        0.000        0.000        0.000        0.000        1.000        0.000        0.000        0.000        0.000        0.000
   518:       38.000        1.000       11.510        0.000        3.000        0.000        0.000       23.780        1.000        0.000        1.000        0.000       21.060      277.340
   532:       39.000        2.000        5.320        0.000        0.000        0.000        0.000        0.000        1.000        0.000        0.000        0.000        0.000        0.000
   546:       40.000        2.000        3.640        0.000        0.000        0.000        0.000        0.000        1.000        0.000        1.000        0.000       16.380        0.000
   560:       41.000        1.000        0.000        0.000        0.000        0.000        0.000        0.000        0.000        0.000        2.000        0.000        0.220        0.000
   574:       42.000        1.000        0.000        0.000        0.000        0.000        0.000        0.000        0.000        0.000        3.000        0.000        0.800        0.000
   588:       43.000        1.000        0.000        0.000        0.000        0.000        0.000        0.000        0.000        0.000        2.000        0.000        4.640        0.000
   602:       48.000        1.000        0.000        0.000        0.000        0.000        0.000        0.000        0.000        0.000        3.000        0.000        2.390        0.000
   616:       51.000        1.000      111.470        0.000        1.000        0.000        0.000      138.230        1.000        0.000        0.000        0.000        0.000        0.000
K:
     0:        1.000        2.000
T:
     0:      111.480      138.240       10.970      136.120
