File: C:\MED-PC\Data\2017-11-11_17h03m_Subject 414.txt


Start Date: 11/11/17
End Date: 11/11/17
Subject: 414
Experiment: ACI JAX 11.11
Group: 0
Box: 4
Start Time: 17:03:46
End Time: 17:38:06
MSN: Discrimination Tone Training_v3
C:      23.000
D:      25.000
E:       0.000
F:       1.000
G:       2.000
H:       2.000
I:     672.000
J:       0.000
L:       0.000
M:      53.000
N:       1.000
O:       0.000
P:       0.000
Q:       0.000
R:       0.000
S:       0.000
U:       0.000
V:       0.000
W:       0.000
X:       0.000
Y:       0.000
Z:       0.000
A:
     0:     2000.000       75.000       30.000     9000.000       63.000       30.000       10.000        1.000
B:
     0:        1.000        2.000        0.000        0.000        0.000        0.000        0.000        0.000        0.000        0.000        0.000        1.000        0.000        0.000
    14:        2.000        2.000       59.560        0.000        0.000        0.000        0.000        0.000        1.000        0.000        0.000        0.000        0.000        0.000
    28:        3.000        1.000        0.000        0.000        0.000        0.000        0.000        0.000        0.000        0.000        0.000        1.000        0.000        0.000
    42:        4.000        2.000       50.790        0.000        0.000        0.000        0.000        0.000        1.000        0.000        0.000        0.000        0.000        0.000
    56:        5.000        2.000        1.650        0.000        0.000        0.000        0.000        0.000        1.000        0.000        0.000        0.000        0.000        0.000
    70:        6.000        2.000        0.000        0.000        0.000        0.000        0.000        0.000        0.000        0.000        0.000        1.000        0.000        0.000
    84:        7.000        2.000       44.720        0.000        0.000        0.000        0.000        0.000        1.000        0.000        0.000        0.000        0.000        0.000
    98:        8.000        1.000        0.000        0.000        0.000        0.000        0.000        0.000        0.000        0.000        3.000        0.000      214.050        0.000
   112:        9.000        2.000        0.000        0.000        0.000        0.000        0.000        0.000        0.000        0.000        0.000        1.000        0.000        0.000
   126:       10.000        2.000       83.350        0.000        0.000        0.000        0.000        0.000        1.000        0.000        0.000        0.000        0.000        0.000
   140:       11.000        1.000        0.000        0.000        0.000        0.000        0.000        0.000        0.000        0.000        5.000        0.000       60.560        0.000
   154:       12.000        1.000        0.000        0.000        0.000        0.000        0.000        0.000        0.000        0.000        4.000        0.000        1.830        0.000
   168:       13.000        1.000       83.220        0.000        0.000        0.000        0.000        0.000        1.000        0.000        0.000        0.000        0.000        0.000
   182:       14.000        1.000        0.000        4.000        0.000        0.000        0.000        0.000        0.000        0.000        0.000        1.000        0.000        0.000
   196:       15.000        2.000        0.000        1.000        0.000        0.000        0.000        0.000        0.000        0.000        6.000        0.000       62.250        0.000
   210:       16.000        1.000        0.000        1.000        0.000        0.000        0.000        0.000        0.000        0.000        4.000        0.000       15.370        0.000
   224:       17.000        1.000      138.140        0.000        1.000        0.000        0.000      469.880        1.000        0.000        0.000        0.000        0.000        0.000
   238:       18.000        1.000        5.720        1.000        6.000        0.000        0.000        0.000        1.000        0.000        0.000        0.000        0.000        0.000
   252:       19.000        2.000        0.000        1.000        0.000        0.000        3.000        0.000        0.000        0.000       13.000        0.000       44.520        0.000
   266:       20.000        2.000        0.000        3.000        0.000        0.000        1.000        0.000        0.000        0.000        8.000        0.000        3.770        0.000
   280:       21.000        1.000      102.560        1.000        0.000        0.000        1.000        0.000        1.000        0.000        6.000        0.000        6.290        0.000
   294:       22.000        2.000        0.000        5.000        0.000        0.000        0.000        0.000        0.000        0.000        5.000        0.000        3.910        0.000
   308:       23.000        1.000       43.680        0.000        2.000        0.000        0.000      169.940        1.000        0.000        0.000        0.000        0.000        0.000
   322:       24.000        1.000        4.370        0.000        5.000        0.000        0.000        0.000        1.000        0.000        0.000        0.000        0.000        0.000
   336:       25.000        2.000        0.000        1.000        0.000        0.000        2.000        0.000        0.000        0.000        6.000        0.000       38.880        0.000
   350:       26.000        2.000        0.000        1.000        0.000        0.000        0.000        0.000        0.000        0.000        4.000        0.000        3.940        0.000
   364:       27.000        2.000        0.000        0.000        0.000        0.000        0.000        0.000        0.000        0.000        1.000        0.000       10.000        0.000
   378:       28.000        2.000        0.000        0.000        0.000        0.000        1.000        0.000        0.000        0.000        1.000        0.000       16.790      687.990
   392:       29.000        1.000      165.110        0.000        3.000        0.000        0.000      177.450        1.000        0.000        0.000        0.000        0.000        0.000
   406:       30.000        1.000        2.960        0.000        2.000        0.000        0.000        0.000        1.000        0.000        0.000        0.000        0.000        0.000
   420:       31.000        2.000        0.000        4.000        0.000        0.000        2.000        0.000        0.000        0.000        3.000        0.000       30.410        0.000
   434:       32.000        2.000        0.000        0.000        0.000        0.000        0.000        0.000        0.000        0.000        4.000        0.000        3.060        0.000
   448:       33.000        1.000       88.190        0.000        3.000        0.000        0.000      100.570        1.000        0.000        0.000        0.000        0.000        0.000
   462:       34.000        2.000        0.000        0.000        0.000        0.000        0.000        0.000        0.000        0.000        7.000        0.000       17.120        0.000
   476:       35.000        2.000        0.000        0.000        0.000        0.000        0.000        0.000        0.000        0.000        5.000        0.000        2.350        0.000
   490:       36.000        1.000       83.800        0.000        2.000        0.000        0.000        1.510        1.000        0.000        0.000        0.000        0.000        0.000
   504:       37.000        2.000        0.000        1.000        1.000        0.000        1.000        0.000        0.000        0.000        7.000        0.000       16.110        0.000
   518:       38.000        1.000       42.870        0.000        3.000        0.000        0.000        1.290        1.000        0.000        0.000        0.000        0.000        0.000
   532:       39.000        2.000        0.000        2.000        0.000        0.000        0.000        0.000        0.000        0.000       10.000        0.000       13.240        0.000
   546:       40.000        2.000        0.000        0.000        0.000        0.000        0.000        0.000        0.000        0.000        9.000        0.000        2.130        0.000
   560:       41.000        2.000        0.000        0.000        0.000        0.000        0.000        0.000        0.000        0.000        9.000        0.000        1.180        0.000
   574:       42.000        1.000      130.950        0.000        3.000        0.000        0.000        1.470        1.000        0.000        0.000        0.000        0.000        0.000
   588:       43.000        1.000        0.260        0.000        1.000        0.000        0.000        1.320        1.000        0.000        0.000        0.000        0.000        0.000
   602:       44.000        1.000        0.940        0.000        2.000        0.000        0.000        1.580        1.000        0.000        0.000        0.000        0.000        0.000
   616:       45.000        1.000        3.040        0.000        1.000        0.000        0.000        1.250        1.000        0.000        0.000        0.000        0.000        0.000
   630:       46.000        2.000        0.000        1.000        0.000        0.000        1.000        0.000        0.000        0.000        5.000        0.000       61.640        0.000
   644:       49.000        1.000       43.130        0.000        2.000        0.000        0.000        1.420        1.000        0.000        0.000        0.000        0.000        0.000
   658:       53.000        1.000        9.650        1.000        4.000        0.000        0.000        0.000        1.000        0.000        0.000        0.000        0.000        0.000
K:
     0:        1.000        2.000
T:
     0:        9.660       10.010       33.710      499.320
