File: C:\MED-PC\Data\2017-11-17_11h09m_Subject 423.txt


Start Date: 11/17/17
End Date: 11/17/17
Subject: 423
Experiment: ACI JAX 11.17
Group: 0
Box: 3
Start Time: 11:09:31
End Time: 11:30:54
MSN: Discrimination Tone Training_v3
C:      22.000
D:      25.000
E:       0.000
F:       1.000
G:       2.000
H:       3.000
I:     658.000
J:       0.000
L:       0.000
M:      56.000
N:       1.000
O:       0.000
P:       0.000
Q:       0.000
R:       0.000
S:       0.000
U:       0.000
V:       0.000
W:       0.000
X:       0.000
Y:       0.000
Z:       0.000
A:
     0:     2000.000       75.000       30.000     9000.000       63.000       30.000       10.000        1.000
B:
     0:        1.000        1.000        0.000        0.000        0.000        0.000        0.000        0.000        0.000        0.000        4.000        0.000       10.870        0.000
    14:        2.000        2.000       44.890        0.000        0.000        0.000        0.000        0.000        1.000        0.000        0.000        0.000        0.000        0.000
    28:        3.000        2.000        0.120        0.000        1.000        0.000        0.000       17.610        1.000        0.000        0.000        0.000        0.000        0.000
    42:        4.000        2.000        3.570        0.000        0.000        0.000        0.000        0.000        1.000        0.000        0.000        0.000        0.000        0.000
    56:        5.000        2.000        7.240        0.000        0.000        0.000        0.000        0.000        1.000        0.000        0.000        0.000        0.000        0.000
    70:        6.000        2.000        1.750        0.000        0.000        0.000        0.000        0.000        1.000        0.000        0.000        0.000        0.000        0.000
    84:        7.000        1.000        0.000        1.000        0.000        0.000        0.000        0.000        0.000        0.000        3.000        0.000       78.110        0.000
    98:        8.000        1.000        0.000        0.000        0.000        0.000        4.000        0.000        0.000        0.000        1.000        0.000       12.250      173.710
   112:        9.000        1.000       82.630        0.000        1.000        0.000        0.000      125.460        1.000        0.000        0.000        0.000        0.000        0.000
   126:       10.000        1.000       14.350        0.000        2.000        0.000        0.000        0.800        1.000        0.000        1.000        0.000       20.480        6.090
   140:       11.000        1.000       29.930        0.000        1.000        0.000        0.000        0.660        1.000        0.000        2.000        0.000       22.830        0.000
   154:       12.000        2.000       18.590        1.000        1.000        0.000        0.000        0.000        1.000        0.000        0.000        0.000        0.000        0.000
   168:       13.000        1.000        0.000        4.000        0.000        0.000        0.000        0.000        0.000        0.000        1.000        0.000       33.530       57.800
   182:       14.000        2.000       48.020        0.000        0.000        0.000        0.000        0.000        1.000        0.000        0.000        0.000        0.000        0.000
   196:       15.000        2.000        0.260        0.000        1.000        0.000        0.000       78.990        1.000        0.000        0.000        0.000        0.000        0.000
   210:       16.000        2.000        6.020        0.000        0.000        0.000        0.000        0.000        1.000        0.000        0.000        0.000        0.000        0.000
   224:       17.000        2.000        5.760        1.000        0.000        0.000        0.000        0.000        1.000        0.000        0.000        0.000        0.000        0.000
   238:       18.000        2.000        9.700        0.000        0.000        0.000        0.000        0.000        1.000        0.000        1.000        0.000       69.120        0.000
   252:       19.000        1.000        1.930        0.000        3.000        0.000        0.000       51.440        1.000        0.000        0.000        0.000        0.000        0.000
   266:       20.000        2.000       17.890        2.000        1.000        0.000        0.000        0.000        1.000        0.000        0.000        0.000        0.000        0.000
   280:       21.000        1.000       11.270        1.000        2.000        0.000        0.000        0.000        1.000        0.000        0.000        0.000        0.000        0.000
   294:       22.000        1.000        0.000        5.000        0.000        1.000        0.000        0.000        0.000        0.000        0.000        1.000        0.000        0.000
   308:       23.000        2.000       59.130        0.000        0.000        0.000        0.000        0.000        1.000        0.000        1.000        0.000      116.600        0.000
   322:       24.000        2.000        9.280        0.000        0.000        0.000        0.000        0.000        1.000        0.000        0.000        0.000        0.000        0.000
   336:       25.000        1.000       16.790        0.000        4.000        0.000        0.000      141.590        1.000        0.000        3.000        0.000       30.920        0.000
   350:       26.000        1.000       16.440        3.000        1.000        0.000        0.000        0.000        1.000        0.000        0.000        0.000        0.000        0.000
   364:       27.000        2.000       18.050        3.000        0.000        0.000        0.000        0.000        1.000        0.000        0.000        0.000        0.000        0.000
   378:       28.000        2.000        5.680        0.000        0.000        0.000        0.000        0.000        1.000        0.000        0.000        0.000        0.000        0.000
   392:       29.000        2.000       12.150        2.000        0.000        0.000        0.000        0.000        1.000        0.000        1.000        0.000       73.670      273.120
   406:       30.000        1.000       20.200        0.000        1.000        0.000        0.000      101.730        1.000        0.000        2.000        0.000       10.140        0.000
   420:       31.000        2.000       13.100        0.000        0.000        0.000        0.000        0.000        1.000        0.000        1.000        0.000        1.560        0.000
   434:       32.000        2.000       10.710        0.000        0.000        0.000        0.000        0.000        1.000        0.000        0.000        0.000        0.000        0.000
   448:       33.000        2.000       11.310        0.000        0.000        0.000        0.000        0.000        1.000        0.000        0.000        0.000        0.000        0.000
   462:       34.000        1.000       12.300        0.000        3.000        0.000        0.000       68.280        1.000        0.000        4.000        0.000       46.190        0.000
   476:       35.000        1.000        0.000        2.000        0.000        0.000        0.000        0.000        0.000        0.000        0.000        1.000        0.000        0.000
   490:       36.000        2.000       57.840        1.000        0.000        0.000        0.000        0.000        1.000        0.000        2.000        0.000       47.020        0.000
   504:       37.000        1.000        5.180        0.000        3.000        0.000        0.000       17.380        1.000        0.000        2.000        0.000        1.070        0.000
   518:       38.000        2.000       16.470        1.000        1.000        0.000        0.000        0.000        1.000        0.000        0.000        0.000        0.000        0.000
   532:       39.000        1.000        1.060        0.000        3.000        0.000        0.000       13.150        1.000        0.000        0.000        0.000        0.000        0.000
   546:       40.000        2.000       15.960        0.000        0.000        0.000        0.000        0.000        1.000        0.000        0.000        0.000        0.000        0.000
   560:       41.000        2.000       12.530        0.000        0.000        0.000        0.000        0.000        1.000        0.000        3.000        0.000       67.480        0.000
   574:       42.000        1.000        0.790        0.000        2.000        0.000        0.000       36.380        1.000        0.000        0.000        0.000        0.000        0.000
   588:       43.000        2.000       29.770        4.000        0.000        0.000        1.000        0.000        0.000        1.000        0.000        0.000        0.000        0.000
   602:       45.000        1.000       26.340        4.000        3.000        0.000        0.000        0.000        1.000        0.000        0.000        0.000        0.000        0.000
   616:       46.000        1.000        0.890        0.000        1.000        0.000        0.000       51.210        1.000        0.000        0.000        0.000        0.000        0.000
   630:       48.000        1.000        2.530        0.000        1.000        0.000        0.000        0.990        1.000        0.000        0.000        0.000        0.000        0.000
   644:       56.000        1.000        0.000        3.000        0.000        0.000        0.000        0.000        0.000        0.000        0.000        1.000        0.000        0.000
K:
     0:        1.000        2.000
T:
     0:       40.110        1.000      164.580      452.420
