File: C:\MED-PC\Data\2017-11-11_18h50m_Subject 175.txt


Start Date: 11/11/17
End Date: 11/11/17
Subject: 175
Experiment: ACI JAX 11.11
Group: 0
Box: 1
Start Time: 18:50:14
End Time: 19:14:34
MSN: Discrimination Tone Training_v3
C:      24.000
D:      25.000
E:       0.000
F:       1.000
G:       2.000
H:       2.000
I:     686.000
J:       0.000
L:       0.000
M:      50.000
N:       1.000
O:       0.000
P:       0.000
Q:       0.000
R:       0.000
S:       0.000
U:       0.000
V:       0.000
W:       0.000
X:       0.000
Y:       0.000
Z:       0.000
A:
     0:     2000.000       75.000       30.000     9000.000       63.000       30.000       10.000        1.000
B:
     0:        1.000        1.000        0.000        0.000        0.000        0.000        0.000        0.000        0.000        0.000        8.000        0.000        8.600        0.000
    14:        2.000        2.000       42.930        0.000        0.000        0.000        0.000        0.000        1.000        0.000        0.000        0.000        0.000        0.000
    28:        3.000        2.000        2.410        0.000        0.000        0.000        0.000        0.000        1.000        0.000        0.000        0.000        0.000        0.000
    42:        4.000        1.000        0.000        0.000        0.000        0.000        0.000        0.000        0.000        0.000        4.000        0.000       34.420        0.000
    56:        5.000        1.000       59.730        0.000        1.000        0.000        0.000       84.620        1.000        0.000        3.000        0.000        7.120        0.000
    70:        6.000        2.000       11.700        0.000        2.000        0.000        0.000        2.140        1.000        0.000        0.000        0.000        0.000        0.000
    84:        7.000        2.000        8.810        0.000        2.000        0.000        0.000        3.220        1.000        0.000        0.000        0.000        0.000        0.000
    98:        8.000        2.000       14.110        0.000        1.000        0.000        0.000        0.000        1.000        0.000        1.000        0.000       48.850        0.000
   112:        9.000        2.000        8.590        0.000        0.000        0.000        0.000        0.000        1.000        0.000        1.000        0.000        2.380        0.000
   126:       10.000        1.000        1.930        0.000        5.000        0.000        0.000       35.360        1.000        0.000        0.000        0.000        0.000        0.000
   140:       11.000        2.000       18.090        1.000        1.000        0.000        0.000        0.000        1.000        0.000        2.000        0.000       15.610        0.000
   154:       12.000        2.000        0.000        1.000        0.000        0.000        0.000        0.000        0.000        0.000        6.000        0.000        7.230        0.000
   168:       13.000        1.000        0.000        0.000        0.000        0.000        0.000        0.000        0.000        0.000        3.000        0.000        0.470        0.000
   182:       14.000        2.000      101.490        0.000        0.000        0.000        0.000        0.000        1.000        0.000        0.000        0.000        0.000        0.000
   196:       15.000        1.000       23.450        0.000        2.000        0.000        0.000      151.620        1.000        0.000        1.000        0.000       43.080      399.560
   210:       16.000        2.000       16.550        1.000        1.000        0.000        0.000        0.000        1.000        0.000        0.000        0.000        0.000        0.000
   224:       17.000        1.000        5.570        1.000        2.000        0.000        0.000        0.000        1.000        0.000        0.000        0.000        0.000        0.000
   238:       18.000        1.000        7.970        2.000        5.000        0.000        0.000        0.000        1.000        0.000        0.000        0.000        0.000        0.000
   252:       19.000        1.000        9.060        1.000        2.000        0.000        0.000        0.000        1.000        0.000        0.000        0.000        0.000        0.000
   266:       20.000        1.000        6.140        0.000        1.000        0.000        0.000       78.580        1.000        0.000        2.000        0.000       84.030        0.000
   280:       21.000        2.000        0.000        2.000        0.000        0.000        0.000        0.000        0.000        0.000        6.000        0.000        5.170        0.000
   294:       22.000        2.000       50.880        0.000        1.000        0.000        0.000        5.470        1.000        0.000        1.000        0.000        5.070       72.760
   308:       23.000        2.000        5.860        0.000        0.000        0.000        0.000        0.000        1.000        0.000        1.000        0.000        0.950        0.000
   322:       24.000        2.000       11.680        1.000        0.000        0.000        0.000        0.000        1.000        0.000        1.000        0.000        2.990       21.080
   336:       25.000        2.000        0.350        0.000        0.000        0.000        0.000        0.000        1.000        0.000        0.000        0.000        0.000        0.000
   350:       26.000        1.000       29.040        0.000        0.000        0.000        0.000        0.000        1.000        0.000        0.000        0.000        0.000        0.000
   364:       27.000        2.000        0.000        3.000        0.000        0.000        0.000        0.000        0.000        0.000        3.000        0.000       60.030        0.000
   378:       28.000        1.000       54.170        0.000        0.000        0.000        0.000        0.000        1.000        0.000        0.000        0.000        0.000        0.000
   392:       29.000        2.000       28.640        0.000        0.000        0.000        0.000        0.000        1.000        0.000        0.000        0.000        0.000        0.000
   406:       30.000        2.000        1.420        0.000        1.000        0.000        0.000      199.750        1.000        0.000        0.000        0.000        0.000        0.000
   420:       31.000        2.000        1.620        0.000        0.000        0.000        0.000        0.000        1.000        0.000        0.000        0.000        0.000        0.000
   434:       32.000        2.000        0.000        0.000        0.000        0.000        0.000        0.000        0.000        0.000        6.000        0.000       96.800        0.000
   448:       33.000        2.000       54.580        0.000        0.000        0.000        0.000        0.000        1.000        0.000        2.000        0.000        4.990        0.000
   462:       34.000        1.000        0.000        0.000        0.000        0.000        0.000        0.000        0.000        0.000        4.000        0.000        6.880        0.000
   476:       35.000        1.000        0.000        0.000        0.000        0.000        0.000        0.000        0.000        0.000        3.000        0.000       15.060        0.000
   490:       36.000        1.000        0.000        0.000        0.000        0.000        0.000        0.000        0.000        0.000        2.000        0.000        1.530        0.000
   504:       37.000        1.000        0.000        1.000        0.000        0.000        2.000        0.000        0.000        0.000        3.000        0.000        3.530        0.000
   518:       38.000        2.000      164.720        0.000        0.000        0.000        0.000        0.000        1.000        0.000        0.000        0.000        0.000        0.000
   532:       39.000        1.000        0.000        1.000        0.000        0.000        0.000        0.000        0.000        0.000        2.000        0.000       13.650      371.050
   546:       40.000        1.000        0.000        0.000        0.000        0.000        0.000        0.000        0.000        0.000        3.000        0.000        3.730        0.000
   560:       41.000        2.000       93.290        1.000        0.000        0.000        0.000        0.000        1.000        0.000        0.000        0.000        0.000        0.000
   574:       42.000        1.000        0.000        1.000        0.000        0.000        0.000        0.000        0.000        0.000        1.000        0.000       40.770       87.090
   588:       43.000        2.000       41.160        0.000        1.000        0.000        0.000      406.840        1.000        0.000        0.000        0.000        0.000        0.000
   602:       44.000        2.000       11.770        0.000        1.000        0.000        0.000        8.620        1.000        0.000        0.000        0.000        0.000        0.000
   616:       45.000        1.000        0.000        2.000        0.000        0.000        0.000        0.000        0.000        0.000        1.000        0.000       45.220        0.000
   630:       47.000        1.000        0.000        0.000        0.000        0.000        0.000        0.000        0.000        0.000        0.000        1.000        0.000        0.000
   644:       48.000        1.000       87.840        0.000        0.000        0.000        0.000        0.000        1.000        0.000        0.000        0.000        0.000        0.000
   658:       49.000        1.000        0.000        0.000        0.000        0.000        0.000        0.000        0.000        0.000        1.000        0.000       79.480        0.000
   672:       50.000        1.000       46.800        0.000        3.000        0.000        0.000       60.140        1.000        0.000        0.000        0.000        0.000        0.000
K:
     0:        1.000        2.000
T:
     0:       46.810       60.150       15.700      144.330
