File: C:\MED-PC\Data\2017-11-22_10h37m_Subject 423.txt


Start Date: 11/22/17
End Date: 11/22/17
Subject: 423
Experiment: ACI JAX 11.22
Group: 
Box: 4
Start Time: 10:37:34
End Time: 10:55:54
MSN: Discrimination Tone Training_v3
C:      23.000
D:      25.000
E:       0.000
F:       1.000
G:       2.000
H:       2.000
I:     672.000
J:       0.000
L:       0.000
M:      51.000
N:       1.000
O:       0.000
P:       0.000
Q:       0.000
R:       0.000
S:       0.000
U:       0.000
V:       0.000
W:       0.000
X:       0.000
Y:       0.000
Z:       0.000
A:
     0:     2000.000       75.000       15.000     9000.000       63.000       15.000       10.000        1.000
B:
     0:        1.000        1.000        0.000        0.000        0.000        0.000        0.000        0.000        0.000        0.000        2.000        0.000       14.570        0.000
    14:        2.000        1.000        0.000        0.000        0.000        0.000        0.000        0.000        0.000        0.000        0.000        1.000        0.000        0.000
    28:        3.000        2.000       52.330        0.000        0.000        0.000        0.000        0.000        1.000        0.000        0.000        0.000        0.000        0.000
    42:        4.000        1.000        4.120        0.000        1.000        0.000        0.000       16.290        1.000        0.000        0.000        0.000        0.000        0.000
    56:        5.000        2.000       14.700        0.000        0.000        0.000        0.000        0.000        0.000        1.000        0.000        0.000        0.000        0.000
    70:        6.000        1.000        0.000        0.000        0.000        0.000        0.000        0.000        0.000        0.000        5.000        0.000       80.390        0.000
    84:        7.000        2.000       28.420        0.000        0.000        0.000        0.000        0.000        1.000        0.000        0.000        0.000        0.000        0.000
    98:        8.000        2.000        6.070        0.000        1.000        0.000        0.000       63.400        1.000        0.000        0.000        0.000        0.000        0.000
   112:        9.000        2.000        1.670        0.000        0.000        0.000        0.000        0.000        1.000        0.000        0.000        0.000        0.000        0.000
   126:       10.000        1.000        0.000        0.000        0.000        0.000        0.000        0.000        0.000        0.000        0.000        1.000        0.000        0.000
   140:       11.000        2.000        0.000        0.000        0.000        0.000        0.000        0.000        0.000        0.000        0.000        1.000        0.000        0.000
   154:       12.000        1.000       60.300        0.000        2.000        0.000        0.000       72.620        1.000        0.000        1.000        0.000       99.950      220.510
   168:       13.000        1.000        9.790        2.000        1.000        0.000        0.000        0.000        1.000        0.000        0.000        0.000        0.000        0.000
   182:       14.000        1.000       10.590        2.000        1.000        0.000        0.000        0.000        1.000        0.000        0.000        0.000        0.000        0.000
   196:       15.000        1.000       12.530        0.000        1.000        0.000        0.000       46.440        1.000        0.000        0.000        0.000        0.000        0.000
   210:       16.000        1.000        0.140        0.000        1.000        0.000        0.000        1.050        1.000        0.000        0.000        0.000        0.000        0.000
   224:       17.000        1.000       14.320        0.000        1.000        0.000        0.000        1.070        1.000        0.000        0.000        0.000        0.000        0.000
   238:       18.000        2.000       14.720        0.000        0.000        0.000        0.000        0.000        0.000        1.000        0.000        0.000        0.000        0.000
   252:       19.000        2.000        3.330        0.000        0.000        0.000        0.000        0.000        1.000        0.000        0.000        0.000        0.000        0.000
   266:       20.000        2.000        2.920        0.000        0.000        0.000        0.000        0.000        1.000        0.000        0.000        0.000        0.000        0.000
   280:       21.000        2.000        0.000        0.000        0.000        0.000        0.000        0.000        0.000        0.000        0.000        1.000        0.000        0.000
   294:       22.000        2.000       28.020        0.000        0.000        0.000        0.000        0.000        1.000        0.000        0.000        0.000        0.000        0.000
   308:       23.000        2.000        4.270        0.000        0.000        0.000        0.000        0.000        1.000        0.000        0.000        0.000        0.000        0.000
   322:       24.000        2.000        4.750        0.000        0.000        0.000        0.000        0.000        1.000        0.000        1.000        0.000      211.100        0.000
   336:       25.000        1.000        0.000        0.000        0.000        0.000        0.000        0.000        0.000        0.000        0.000        1.000        0.000        0.000
   350:       26.000        1.000       37.120        0.000        1.000        0.000        0.000      147.970        1.000        0.000        2.000        0.000       34.340        0.000
   364:       27.000        2.000        0.000        0.000        0.000        0.000        0.000        0.000        0.000        0.000        0.000        1.000        0.000        0.000
   378:       28.000        2.000       28.160        0.000        0.000        0.000        0.000        0.000        1.000        0.000        0.000        0.000        0.000        0.000
   392:       29.000        2.000       14.890        0.000        0.000        0.000        0.000        0.000        0.000        1.000        0.000        0.000        0.000        0.000
   406:       30.000        2.000        8.220        0.000        0.000        0.000        0.000        0.000        1.000        0.000        0.000        0.000        0.000        0.000
   420:       31.000        1.000        0.000        0.000        0.000        0.000        0.000        0.000        0.000        0.000        2.000        0.000       87.920        0.000
   434:       32.000        1.000        0.000        0.000        0.000        0.000        0.000        0.000        0.000        0.000        0.000        1.000        0.000        0.000
   448:       33.000        2.000       66.510        0.000        0.000        0.000        0.000        0.000        0.000        1.000        0.000        0.000        0.000        0.000
   462:       34.000        1.000       10.040        2.000        0.000        0.000        0.000        0.000        1.000        0.000        0.000        0.000        0.000        0.000
   476:       35.000        2.000        9.710        0.000        0.000        0.000        0.000        0.000        1.000        0.000        0.000        0.000        0.000        0.000
   490:       36.000        2.000        4.110        0.000        0.000        0.000        0.000        0.000        1.000        0.000        0.000        0.000        0.000        0.000
   504:       37.000        1.000        2.420        0.000        1.000        0.000        0.000      194.330        1.000        0.000        0.000        0.000        0.000        0.000
   518:       38.000        2.000        9.130        0.000        0.000        0.000        0.000        0.000        1.000        0.000        0.000        0.000        0.000        0.000
   532:       39.000        1.000        0.000        0.000        0.000        0.000        0.000        0.000        0.000        0.000        0.000        1.000        0.000        0.000
   546:       40.000        2.000       37.330        1.000        0.000        0.000        0.000        0.000        1.000        0.000        2.000        0.000      169.500        0.000
   560:       41.000        2.000       14.710        0.000        0.000        0.000        0.000        0.000        0.000        1.000        0.000        0.000        0.000        0.000
   574:       42.000        2.000        2.720        0.000        0.000        0.000        0.000        0.000        1.000        0.000        0.000        0.000        0.000        0.000
   588:       43.000        2.000        3.590        0.000        0.000        0.000        0.000        0.000        1.000        0.000        0.000        0.000        0.000        0.000
   602:       44.000        1.000        0.000        0.000        0.000        0.000        0.000        0.000        0.000        0.000        1.000        0.000       68.830        0.000
   616:       45.000        1.000       37.350        0.000        1.000        0.000        0.000      151.780        1.000        0.000        1.000        0.000        4.240      456.970
   630:       46.000        1.000        3.950        0.000        2.000        0.000        0.000        1.080        1.000        0.000        0.000        0.000        0.000        0.000
   644:       49.000        1.000       10.860        0.000        1.000        0.000        0.000        1.280        1.000        0.000        0.000        0.000        0.000        0.000
   658:       51.000        1.000       12.550        0.000        1.000        0.000        0.000        1.720        1.000        0.000        1.000        0.000       47.670        6.470
K:
     0:        1.000        2.000
T:
     0:       12.560        1.730       47.680        6.480
