File: C:\MED-PC\Data\2017-11-26_17h59m_Subject 172.txt


Start Date: 11/26/17
End Date: 11/26/17
Subject: 172
Experiment: ACI JAX 11.26
Group: 0
Box: 3
Start Time: 17:59:25
End Time: 18:14:14
MSN: Discrimination Tone Training_v3
C:      25.000
D:      25.000
E:       0.000
F:       1.000
G:       2.000
H:       2.000
I:     700.000
J:       0.000
L:       0.000
M:      50.000
N:       2.000
O:       0.000
P:       0.000
Q:       0.000
R:       0.000
S:       0.000
U:       0.000
V:       0.000
W:       0.000
X:       0.000
Y:       0.000
Z:       0.000
A:
     0:     2000.000       75.000       15.000     9000.000       63.000       15.000       10.000        1.000
B:
     0:        1.000        2.000        6.430        0.000        0.000        0.000        0.000        0.000        1.000        0.000        0.000        0.000        0.000        0.000
    14:        2.000        2.000        4.410        0.000        0.000        0.000        0.000        0.000        1.000        0.000        1.000        0.000       19.430        0.000
    28:        3.000        1.000        8.290        3.000        4.000        0.000        0.000        0.000        1.000        0.000        0.000        0.000        0.000        0.000
    42:        4.000        2.000        1.640        0.000        0.000        0.000        0.000        0.000        1.000        0.000        0.000        0.000        0.000        0.000
    56:        5.000        1.000        6.020        2.000        4.000        0.000        0.000        0.000        1.000        0.000        1.000        0.000       33.850        0.000
    70:        6.000        2.000        1.720        0.000        0.000        0.000        0.000        0.000        1.000        0.000        0.000        0.000        0.000        0.000
    84:        7.000        2.000        3.360        0.000        1.000        0.000        0.000        0.000        1.000        0.000        0.000        0.000        0.000        0.000
    98:        8.000        2.000        4.310        0.000        0.000        0.000        0.000        0.000        1.000        0.000        1.000        0.000       27.450        0.000
   112:        9.000        1.000        1.510        0.000        3.000        0.000        0.000      120.800        1.000        0.000        0.000        0.000        0.000        0.000
   126:       10.000        1.000        0.000        1.000        0.000        0.000        2.000        0.000        0.000        0.000        1.000        0.000       23.370      137.610
   140:       11.000        1.000       35.040        1.000        4.000        0.000        0.000        0.000        1.000        0.000        0.000        0.000        0.000        0.000
   154:       12.000        1.000        0.340        0.000        3.000        0.000        0.000       12.440        1.000        0.000        0.000        0.000        0.000        0.000
   168:       13.000        2.000        5.780        0.000        0.000        0.000        0.000        0.000        1.000        0.000        0.000        0.000        0.000        0.000
   182:       14.000        1.000        3.660        0.000        1.000        0.000        0.000       15.570        1.000        0.000        0.000        0.000        0.000        0.000
   196:       15.000        2.000        4.850        0.000        1.000        0.000        0.000        8.350        1.000        0.000        1.000        0.000       63.280       12.730
   210:       16.000        2.000        4.010        0.000        0.000        0.000        0.000        0.000        1.000        0.000        0.000        0.000        0.000        0.000
   224:       17.000        2.000        2.410        0.000        0.000        0.000        0.000        0.000        1.000        0.000        0.000        0.000        0.000        0.000
   238:       18.000        2.000        5.480        0.000        0.000        0.000        0.000        0.000        1.000        0.000        0.000        0.000        0.000        0.000
   252:       19.000        1.000        3.050        0.000        1.000        0.000        0.000       44.770        1.000        0.000        1.000        0.000       45.400        3.380
   266:       20.000        1.000        1.560        0.000        4.000        0.000        0.000        0.880        1.000        0.000        0.000        0.000        0.000        0.000
   280:       21.000        1.000        4.000        0.000        6.000        0.000        0.000        0.850        1.000        0.000        1.000        0.000       12.810        4.630
   294:       22.000        1.000        0.000        3.000        0.000        0.000        0.000        0.000        0.000        0.000        0.000        1.000        0.000        0.000
   308:       23.000        1.000       26.870        0.000        1.000        0.000        0.000        0.830        1.000        0.000        0.000        0.000        0.000        0.000
   322:       24.000        1.000        3.860        0.000        1.000        0.000        0.000        1.090        1.000        0.000        0.000        0.000        0.000        0.000
   336:       25.000        2.000        7.680        1.000        0.000        0.000        0.000        0.000        1.000        0.000        1.000        0.000       55.220        1.980
   350:       26.000        1.000        7.510        0.000        6.000        0.000        0.000       19.710        1.000        0.000        1.000        0.000        4.220        4.460
   364:       27.000        1.000       13.160        5.000        3.000        0.000        0.000        0.000        1.000        0.000        0.000        0.000        0.000        0.000
   378:       28.000        2.000        7.040        1.000        0.000        0.000        0.000        0.000        1.000        0.000        0.000        0.000        0.000        0.000
   392:       29.000        2.000        2.670        1.000        1.000        0.000        0.000        0.000        1.000        0.000        0.000        0.000        0.000        0.000
   406:       30.000        2.000        8.440        0.000        0.000        0.000        0.000        0.000        1.000        0.000        0.000        0.000        0.000        0.000
   420:       31.000        1.000        0.000        0.000        0.000        0.000        0.000        0.000        0.000        0.000        1.000        0.000       84.530        0.000
   434:       32.000        1.000       35.930        0.000        1.000        0.000        0.000       99.070        1.000        0.000        0.000        0.000        0.000        0.000
   448:       33.000        1.000        8.440        1.000        1.000        0.000        0.000        0.000        1.000        0.000        1.000        0.000       25.610        0.000
   462:       34.000        2.000        8.260        3.000        2.000        0.000        0.000        0.000        1.000        0.000        2.000        0.000        3.480        0.000
   476:       35.000        2.000        0.000        0.000        0.000        0.000        0.000        0.000        0.000        0.000        5.000        0.000        0.450        0.000
   490:       36.000        2.000       31.400        0.000        0.000        0.000        0.000        0.000        1.000        0.000        1.000        0.000        2.180        0.000
   504:       37.000        2.000        2.610        0.000        0.000        0.000        0.000        0.000        1.000        0.000        0.000        0.000        0.000        0.000
   518:       38.000        1.000       11.990        0.000        3.000        0.000        0.000       99.530        1.000        0.000        0.000        0.000        0.000        0.000
   532:       39.000        2.000        8.540        2.000        2.000        0.000        0.000        0.000        1.000        0.000        0.000        0.000        0.000        0.000
   546:       40.000        1.000        0.480        0.000        4.000        0.000        0.000       12.770        1.000        0.000        0.000        0.000        0.000        0.000
   560:       41.000        2.000       10.340        2.000        0.000        0.000        0.000        0.000        1.000        0.000        1.000        0.000       73.590      194.620
   574:       42.000        1.000        9.300        1.000        6.000        0.000        0.000        0.000        1.000        0.000        0.000        0.000        0.000        0.000
   588:       43.000        1.000        3.090        0.000        1.000        0.000        0.000       44.400        1.000        0.000        0.000        0.000        0.000        0.000
   602:       44.000        2.000        3.580        0.000        1.000        0.000        0.000        0.000        1.000        0.000        0.000        0.000        0.000        0.000
   616:       45.000        1.000       12.510        1.000        3.000        0.000        0.000        0.000        1.000        0.000        3.000        0.000       57.170        0.000
   630:       46.000        1.000        6.930        0.000        3.000        0.000        0.000       42.850        1.000        0.000        1.000        0.000        0.580       23.710
   644:       47.000        1.000        0.000        0.000        1.000        0.000        0.000        0.000        0.000        0.000        3.000        0.000        5.620        0.000
   658:       48.000        2.000       27.120        0.000        0.000        0.000        0.000        0.000        1.000        0.000        0.000        0.000        0.000        0.000
   672:       49.000        2.000        0.880        0.000        0.000        0.000        0.000        0.000        1.000        0.000        0.000        0.000        0.000        0.000
   686:       50.000        2.000        5.770        0.000        1.000        0.000        0.000       38.370        1.000        0.000        1.000        0.000       26.040       59.870
K:
     0:        1.000        2.000
T:
     0:        5.780       38.380       26.050       59.880
