File: C:\MED-PC\Data\2017-11-24_11h32m_Subject 414.txt


Start Date: 11/24/17
End Date: 11/24/17
Subject: 414
Experiment: ACI JAX 11.24
Group: 0
Box: 4
Start Time: 11:32:48
End Time: 11:57:45
MSN: Discrimination Tone Training_v3
C:      20.000
D:      25.000
E:       0.000
F:       1.000
G:       2.000
H:       2.000
I:     630.000
J:       0.000
L:       0.000
M:      55.000
N:       1.000
O:       0.000
P:       0.000
Q:       0.000
R:       0.000
S:       0.000
U:       0.000
V:       0.000
W:       0.000
X:       0.000
Y:       0.000
Z:       0.000
A:
     0:     2000.000       75.000       15.000     9000.000       63.000       15.000       10.000        1.000
B:
     0:        1.000        2.000        0.000        0.000        0.000        0.000        0.000        0.000        0.000        0.000        1.000        0.000        2.410        0.000
    14:        2.000        2.000       29.300        0.000        0.000        0.000        0.000        0.000        1.000        0.000        0.000        0.000        0.000        0.000
    28:        3.000        2.000       13.430        0.000        0.000        0.000        0.000        0.000        1.000        0.000        2.000        0.000       15.220        0.000
    42:        4.000        1.000       12.300        0.000        4.000        0.000        0.000       48.750        1.000        0.000        2.000        0.000        6.160        0.000
    56:        5.000        1.000        0.000        0.000        0.000        0.000        0.000        0.000        0.000        0.000        1.000        0.000       10.410        0.000
    70:        6.000        2.000       29.850        0.000        0.000        0.000        0.000        0.000        1.000        0.000        0.000        0.000        0.000        0.000
    84:        7.000        2.000       14.620        0.000        0.000        0.000        0.000        0.000        0.000        1.000        0.000        0.000        0.000        0.000
    98:        8.000        1.000        8.750        1.000        1.000        0.000        0.000        0.000        1.000        0.000        1.000        0.000       40.590      159.380
   112:        9.000        1.000        0.290        0.000        3.000        0.000        0.000       57.480        1.000        0.000        0.000        0.000        0.000        0.000
   126:       10.000        2.000       10.590        0.000        0.000        0.000        0.000        0.000        1.000        0.000        1.000        0.000       14.890        0.000
   140:       11.000        1.000        9.060        0.000        1.000        0.000        0.000       27.130        1.000        0.000        1.000        0.000        4.450       34.150
   154:       12.000        2.000        0.000        0.000        0.000        0.000        0.000        0.000        0.000        0.000        7.000        0.000        0.630        0.000
   168:       13.000        2.000       35.120        0.000        0.000        0.000        0.000        0.000        1.000        0.000        2.000        0.000        4.010        0.000
   182:       14.000        2.000        9.490        0.000        0.000        0.000        0.000        0.000        1.000        0.000        3.000        0.000        0.250        0.000
   196:       15.000        2.000        3.000        0.000        0.000        0.000        0.000        0.000        1.000        0.000        0.000        0.000        0.000        0.000
   210:       16.000        2.000        8.600        0.000        0.000        0.000        0.000        0.000        1.000        0.000        0.000        0.000        0.000        0.000
   224:       17.000        1.000       11.120        0.000        6.000        0.000        0.000       77.150        1.000        0.000        0.000        0.000        0.000        0.000
   238:       18.000        1.000        0.000        0.000        0.000        0.000        0.000        0.000        1.000        0.000        0.000        0.000        0.000        0.000
   252:       19.000        2.000        9.020        0.000        0.000        0.000        0.000        0.000        1.000        0.000        4.000        0.000       66.950        0.000
   266:       20.000        2.000       11.100        0.000        0.000        0.000        0.000        0.000        1.000        0.000        3.000        0.000        0.130        0.000
   280:       21.000        1.000       11.220        0.000        2.000        0.000        0.000       65.240        1.000        0.000        0.000        0.000        0.000        0.000
   294:       22.000        1.000        1.300        0.000        1.000        0.000        0.000        0.880        1.000        0.000        0.000        0.000        0.000        0.000
   308:       23.000        2.000       11.280        3.000        1.000        0.000        0.000        0.000        1.000        0.000        3.000        0.000       36.890        0.000
   322:       24.000        2.000        0.000        0.000        0.000        0.000        1.000        0.000        0.000        0.000        4.000        0.000        1.510        0.000
   336:       25.000        2.000       32.150        0.000        0.000        0.000        0.000        0.000        1.000        0.000        0.000        0.000        0.000        0.000
   350:       26.000        2.000        8.890        0.000        0.000        0.000        0.000        0.000        1.000        0.000        3.000        0.000       18.280        0.000
   364:       27.000        1.000        0.000        0.000        0.000        0.000        0.000        0.000        0.000        0.000        0.000        1.000        0.000        0.000
   378:       28.000        2.000       31.340        0.000        0.000        0.000        0.000        0.000        1.000        0.000        0.000        0.000        0.000        0.000
   392:       29.000        1.000        1.920        0.000        1.000        0.000        0.000      119.410        1.000        0.000        0.000        0.000        0.000        0.000
   406:       30.000        1.000        0.460        0.000        2.000        0.000        0.000        0.770        1.000        0.000        0.000        0.000        0.000        0.000
   420:       31.000        2.000        4.670        0.000        0.000        0.000        0.000        0.000        1.000        0.000        1.000        0.000       67.890        0.000
   434:       32.000        1.000        4.490        0.000        1.000        0.000        0.000       16.400        1.000        0.000        0.000        0.000        0.000        0.000
   448:       33.000        2.000        6.830        0.000        0.000        0.000        0.000        0.000        1.000        0.000        3.000        0.000       16.060        0.000
   462:       34.000        2.000        0.000        0.000        0.000        0.000        0.000        0.000        0.000        0.000        0.000        1.000        0.000        0.000
   476:       35.000        1.000       28.340        0.000        1.000        0.000        0.000       40.090        1.000        0.000        0.000        0.000        0.000        0.000
   490:       36.000        1.000        0.000        0.000        0.000        0.000        0.000        0.000        0.000        0.000        1.000        0.000       53.020        0.000
   504:       37.000        2.000       31.020        0.000        0.000        0.000        0.000        0.000        1.000        0.000        1.000        0.000        0.370        0.000
   518:       38.000        1.000        3.210        0.000        2.000        0.000        0.000       14.950        1.000        0.000        0.000        0.000        0.000        0.000
   532:       39.000        1.000        0.250        0.000        1.000        0.000        0.000        0.900        1.000        0.000        0.000        0.000        0.000        0.000
   546:       40.000        2.000        0.000        1.000        0.000        0.000        0.000        0.000        0.000        0.000        2.000        0.000       30.900        0.000
   560:       41.000        1.000       39.060        0.000        1.000        0.000        0.000        0.930        1.000        0.000        0.000        0.000        0.000        0.000
   574:       42.000        2.000       14.240        0.000        0.000        0.000        0.000        0.000        0.000        1.000        3.000        0.000       25.980        0.000
   588:       43.000        2.000       14.090        0.000        0.000        0.000        0.000        0.000        0.000        1.000        0.000        0.000        0.000        0.000
   602:       46.000        1.000        1.250        0.000        1.000        0.000        0.000       40.190        1.000        0.000        0.000        0.000        0.000        0.000
   616:       55.000        1.000        5.790        0.000        0.000        0.000        0.000        0.000        1.000        0.000        0.000        0.000        0.000        0.000
K:
     0:        1.000        2.000
T:
     0:        5.800       10.010       63.210      656.440
