File: C:\MED-PC\Data\2017-11-23_10h12m_Subject 414.txt


Start Date: 11/23/17
End Date: 11/23/17
Subject: 414
Experiment: ACI JAX 11.23
Group: 0
Box: 4
Start Time: 10:12:49
End Time: 10:34:58
MSN: Discrimination Tone Training_v3
C:      25.000
D:      25.000
E:       0.000
F:       1.000
G:       2.000
H:       4.000
I:     700.000
J:       0.000
L:       0.000
M:      50.000
N:       1.000
O:       0.000
P:       0.000
Q:       0.000
R:       0.000
S:       0.000
U:       0.000
V:       0.000
W:       0.000
X:       0.000
Y:       0.000
Z:       0.000
A:
     0:     2000.000       75.000       15.000     9000.000       63.000       15.000       10.000        1.000
B:
     0:        1.000        2.000        0.000        0.000        0.000        2.000        0.000        0.000        0.000        0.000        0.000        1.000        0.000        0.000
    14:        2.000        2.000       38.870        0.000        0.000        0.000        0.000        0.000        1.000        0.000        0.000        0.000        0.000        0.000
    28:        3.000        1.000        0.000        0.000        0.000        0.000        0.000        0.000        0.000        0.000        0.000        1.000        0.000        0.000
    42:        4.000        1.000        0.000        1.000        0.000        9.000        0.000        0.000        0.000        0.000        0.000        1.000        0.000        0.000
    56:        5.000        1.000        0.000        2.000        0.000        0.000        0.000        0.000        0.000        0.000        1.000        0.000      115.080        0.000
    70:        6.000        1.000        0.000        4.000        0.000        1.000        0.000        0.000        0.000        0.000        0.000        1.000        0.000        0.000
    84:        7.000        2.000      118.740        0.000        0.000        0.000        0.000        0.000        0.000        1.000        0.000        0.000        0.000        0.000
    98:        8.000        2.000       14.120        0.000        0.000        0.000        0.000        0.000        0.000        1.000        0.000        0.000        0.000        0.000
   112:        9.000        2.000       10.940        3.000        0.000        0.000        0.000        0.000        1.000        0.000        0.000        0.000        0.000        0.000
   126:       10.000        1.000       12.580        0.000        1.000        0.000        0.000      201.430        1.000        0.000        1.000        0.000      105.480      125.220
   140:       11.000        1.000        1.060        0.000        1.000        0.000        0.000        1.040        1.000        0.000        0.000        0.000        0.000        0.000
   154:       12.000        2.000        0.000        0.000        0.000        0.000        0.000        0.000        0.000        0.000        0.000        1.000        0.000        0.000
   168:       13.000        2.000       26.400        0.000        0.000        0.000        0.000        0.000        1.000        0.000        0.000        0.000        0.000        0.000
   182:       14.000        1.000        0.000        0.000        0.000        0.000        0.000        0.000        0.000        0.000        0.000        1.000        0.000        0.000
   196:       15.000        1.000       34.280        0.000        0.000        0.000        0.000        0.000        1.000        0.000        0.000        0.000        0.000        0.000
   210:       16.000        2.000        0.000        0.000        0.000        0.000        0.000        0.000        0.000        0.000        1.000        0.000      105.680        0.000
   224:       17.000        2.000       32.400        1.000        0.000        0.000        0.000        0.000        1.000        0.000        0.000        0.000        0.000        0.000
   238:       18.000        1.000        0.000        0.000        0.000        0.000        0.000        0.000        0.000        0.000        1.000        0.000       28.950        0.000
   252:       19.000        2.000       37.390        0.000        0.000        0.000        0.000        0.000        1.000        0.000        0.000        0.000        0.000        0.000
   266:       20.000        1.000        5.720        0.000        1.000        0.000        0.000      154.780        1.000        0.000        0.000        0.000        0.000        0.000
   280:       21.000        1.000        4.470        0.000        1.000        0.000        0.000        1.100        1.000        0.000        0.000        0.000        0.000        0.000
   294:       22.000        1.000        0.210        0.000        1.000        0.000        0.000        1.000        1.000        0.000        0.000        0.000        0.000        0.000
   308:       23.000        2.000       12.840        0.000        0.000        0.000        0.000        0.000        1.000        0.000        4.000        0.000       68.850        0.000
   322:       24.000        2.000        6.500        0.000        2.000        0.000        0.000        0.000        1.000        0.000        0.000        0.000        0.000        0.000
   336:       25.000        1.000       10.570        0.000        1.000        0.000        0.000       40.510        1.000        0.000        2.000        0.000       19.020        0.000
   350:       26.000        1.000        4.170        1.000        1.000        0.000        0.000        0.000        1.000        0.000        0.000        0.000        0.000        0.000
   364:       27.000        1.000        0.020        0.000        1.000        0.000        0.000       11.990        1.000        0.000        0.000        0.000        0.000        0.000
   378:       28.000        2.000        0.000        0.000        0.000        0.000        0.000        0.000        0.000        0.000        0.000        1.000        0.000        0.000
   392:       29.000        1.000       29.930        0.000        1.000        0.000        0.000        2.250        1.000        0.000        0.000        0.000        0.000        0.000
   406:       30.000        1.000        1.940        0.000        0.000        0.000        0.000        0.000        1.000        0.000        0.000        0.000        0.000        0.000
   420:       31.000        2.000       12.640        0.000        0.000        0.000        0.000        0.000        1.000        0.000        2.000        0.000       82.250        0.000
   434:       32.000        1.000        0.000        0.000        0.000        0.000        0.000        0.000        0.000        0.000        0.000        1.000        0.000        0.000
   448:       33.000        2.000        0.000        0.000        0.000        0.000        0.000        0.000        0.000        0.000        0.000        1.000        0.000        0.000
   462:       34.000        1.000        0.000        0.000        0.000        0.000        0.000        0.000        0.000        0.000        3.000        0.000       57.500        0.000
   476:       35.000        2.000       86.420        0.000        0.000        0.000        0.000        0.000        1.000        0.000        1.000        0.000        1.270        0.000
   490:       36.000        2.000        4.040        0.000        0.000        0.000        0.000        0.000        1.000        0.000        0.000        0.000        0.000        0.000
   504:       37.000        1.000        8.490        0.000        2.000        0.000        0.000      156.480        1.000        0.000        0.000        0.000        0.000        0.000
   518:       38.000        2.000        0.000        1.000        0.000        0.000        1.000        0.000        0.000        0.000        4.000        0.000       41.630      431.840
   532:       39.000        2.000       35.420        0.000        0.000        0.000        0.000        0.000        1.000        0.000        2.000        0.000        0.010        0.000
   546:       40.000        2.000        0.300        0.000        0.000        0.000        0.000        0.000        1.000        0.000        0.000        0.000        0.000        0.000
   560:       41.000        2.000        2.720        0.000        0.000        0.000        0.000        0.000        1.000        0.000        0.000        0.000        0.000        0.000
   574:       42.000        2.000        2.680        0.000        0.000        0.000        0.000        0.000        1.000        0.000        0.000        0.000        0.000        0.000
   588:       43.000        2.000        7.540        0.000        0.000        0.000        0.000        0.000        1.000        0.000        0.000        0.000        0.000        0.000
   602:       44.000        1.000        4.340        0.000        1.000        0.000        0.000       73.460        1.000        0.000        0.000        0.000        0.000        0.000
   616:       45.000        2.000       14.020        0.000        0.000        0.000        0.000        0.000        0.000        1.000        2.000        0.000       73.280        0.000
   630:       46.000        1.000        0.000        0.000        0.000        0.000        0.000        0.000        0.000        0.000        0.000        1.000        0.000        0.000
   644:       47.000        1.000       40.790        0.000        1.000        0.000        0.000       52.680        1.000        0.000        0.000        0.000        0.000        0.000
   658:       48.000        2.000        7.070        0.000        0.000        0.000        0.000        0.000        1.000        0.000        1.000        0.000       51.940        0.000
   672:       49.000        1.000        0.000        0.000        0.000        0.000        0.000        0.000        0.000        0.000        2.000        0.000        9.190        0.000
   686:       50.000        1.000        0.000        0.000        0.000        0.000        0.000        0.000        0.000        0.000        1.000        0.000       13.920        0.000
K:
     0:        1.000        2.000
T:
     0:       51.250       62.270       13.930      239.250
