File: C:\MED-PC\Data\2017-11-11_17h39m_Subject 415.txt


Start Date: 11/11/17
End Date: 11/11/17
Subject: 415
Experiment: ACI JAX 11.11
Group: 0
Box: 4
Start Time: 17:39:50
End Time: 18:04:15
MSN: Discrimination Tone Training_v3
C:      22.000
D:      25.000
E:       0.000
F:       1.000
G:       2.000
H:       2.000
I:     658.000
J:       0.000
L:       0.000
M:      52.000
N:       1.000
O:       0.000
P:       0.000
Q:       0.000
R:       0.000
S:       0.000
U:       0.000
V:       0.000
W:       0.000
X:       0.000
Y:       0.000
Z:       0.000
A:
     0:     2000.000       75.000       30.000     9000.000       63.000       30.000       10.000        1.000
B:
     0:        1.000        1.000        0.000        0.000        0.000        0.000        0.000        0.000        0.000        0.000        6.000        0.000        3.790        0.000
    14:        2.000        2.000       46.090        2.000        0.000        0.000        0.000        0.000        1.000        0.000        0.000        0.000        0.000        0.000
    28:        3.000        2.000        4.930        0.000        6.000        0.000        0.000       18.240        1.000        0.000        0.000        0.000        0.000        0.000
    42:        4.000        2.000        2.230        0.000        0.000        0.000        0.000        0.000        1.000        0.000        0.000        0.000        0.000        0.000
    56:        5.000        2.000       10.090        0.000        0.000        0.000        0.000        0.000        1.000        0.000        0.000        0.000        0.000        0.000
    70:        6.000        2.000        0.830        0.000        8.000        0.000        0.000       37.240        1.000        0.000        0.000        0.000        0.000        0.000
    84:        7.000        1.000       27.140        4.000        7.000        0.000        0.000        0.000        1.000        0.000        1.000        0.000       84.610      130.030
    98:        8.000        1.000        1.360        0.000        2.000        0.000        0.000       14.900        1.000        0.000        0.000        0.000        0.000        0.000
   112:        9.000        1.000        0.030        0.000        1.000        0.000        0.000        1.190        1.000        0.000        0.000        0.000        0.000        0.000
   126:       10.000        1.000        0.050        0.000        4.000        0.000        0.000        1.410        1.000        0.000        0.000        0.000        0.000        0.000
   140:       11.000        1.000        0.100        0.000        4.000        0.000        0.000        1.610        1.000        0.000        0.000        0.000        0.000        0.000
   154:       12.000        2.000        0.000        0.000        0.000        0.000        1.000        0.000        0.000        0.000       17.000        0.000       47.610        0.000
   168:       13.000        1.000       41.160        0.000        1.000        0.000        0.000        4.090        1.000        0.000        0.000        0.000        0.000        0.000
   182:       14.000        2.000        9.340        0.000        0.000        0.000        0.000        0.000        1.000        0.000        0.000        0.000        0.000        0.000
   196:       15.000        2.000        0.000        2.000        0.000        0.000        0.000        0.000        0.000        0.000       16.000        0.000       31.480        0.000
   210:       16.000        2.000        0.000        0.000        0.000        0.000        0.000        0.000        0.000        0.000       12.000        0.000        1.720        0.000
   224:       17.000        2.000       85.480        0.000        0.000        0.000        0.000        0.000        1.000        0.000        0.000        0.000        0.000        0.000
   238:       18.000        2.000        0.000        0.000        0.000        0.000        0.000        0.000        0.000        0.000        0.000        1.000        0.000        0.000
   252:       19.000        1.000        0.000        0.000        0.000        0.000        0.000        0.000        0.000        0.000        4.000        0.000       67.300        0.000
   266:       20.000        2.000       82.410        0.000        0.000        0.000        0.000        0.000        1.000        0.000        0.000        0.000        0.000        0.000
   280:       21.000        1.000        4.560        0.000        3.000        0.000        0.000      207.490        1.000        0.000        1.000        0.000       14.220      267.070
   294:       22.000        1.000        0.890        0.000        1.000        0.000        0.000        4.850        1.000        0.000        0.000        0.000        0.000        0.000
   308:       23.000        2.000        0.000        1.000        0.000        0.000        0.000        0.000        0.000        0.000       22.000        0.000       12.660        0.000
   322:       24.000        2.000        0.000        0.000        0.000        0.000        5.000        0.000        0.000        0.000       14.000        0.000        0.000        0.000
   336:       25.000        1.000       86.510        0.000        4.000        0.000        0.000        1.420        1.000        0.000        0.000        0.000        0.000        0.000
   350:       26.000        1.000       12.250        2.000        2.000        0.000        0.000        0.000        1.000        0.000        1.000        0.000       18.560      101.900
   364:       27.000        2.000        0.000        0.000        0.000        0.000        0.000        0.000        0.000        0.000        6.000        0.000        1.830        0.000
   378:       28.000        2.000        0.000        0.000        0.000        0.000        0.000        0.000        0.000        0.000       22.000        0.000        2.130        0.000
   392:       29.000        2.000       95.400        3.000        0.000        0.000        0.000        0.000        1.000        0.000        6.000        0.000        1.050        0.000
   406:       30.000        1.000        3.420        0.000        3.000        0.000        0.000      123.490        1.000        0.000        0.000        0.000        0.000        0.000
   420:       31.000        2.000        0.000        0.000        0.000        0.000        1.000        0.000        0.000        0.000       20.000        0.000       19.930        0.000
   434:       32.000        2.000        0.000        2.000        0.000        0.000        0.000        0.000        0.000        0.000       13.000        0.000        7.950        0.000
   448:       33.000        2.000        0.000        3.000        0.000        0.000        3.000        0.000        0.000        0.000       12.000        0.000        3.390        0.000
   462:       34.000        1.000      126.180        0.000        3.000        0.000        0.000        1.310        1.000        0.000        0.000        0.000        0.000        0.000
   476:       35.000        1.000        0.000        1.000        0.000        0.000        0.000        0.000        0.000        0.000        2.000        0.000       22.020        0.000
   490:       36.000        2.000       56.760        0.000        0.000        0.000        0.000        0.000        1.000        0.000        8.000        0.000        0.870        0.000
   504:       37.000        1.000        7.100        0.000        6.000        0.000        0.000       19.490        1.000        0.000        1.000        0.000        1.590      332.510
   518:       38.000        1.000        2.990        0.000        1.000        0.000        0.000        2.870        1.000        0.000        0.000        0.000        0.000        0.000
   532:       39.000        2.000        0.000        0.000        0.000        0.000        0.000        0.000        0.000        0.000       11.000        0.000       18.650        0.000
   546:       40.000        2.000       58.500        1.000        0.000        0.000        0.000        0.000        1.000        0.000       10.000        0.000        0.200        0.000
   560:       41.000        1.000       14.540        0.000        1.000        0.000        0.000       29.240        1.000        0.000        2.000        0.000        4.410        0.000
   574:       42.000        1.000        1.700        0.000        3.000        0.000        0.000        3.230        1.000        0.000        0.000        0.000        0.000        0.000
   588:       43.000        2.000        0.000        2.000        0.000        0.000        0.000        0.000        0.000        0.000       15.000        0.000       15.360        0.000
   602:       44.000        2.000       41.750        0.000        0.000        0.000        0.000        0.000        1.000        0.000        0.000        0.000        0.000        0.000
   616:       47.000        1.000        0.600        0.000        4.000        0.000        0.000       14.660        1.000        0.000        0.000        0.000        0.000        0.000
   630:       49.000        1.000        1.280        0.000        8.000        0.000        0.000        1.060        1.000        0.000        0.000        0.000        0.000        0.000
   644:       52.000        1.000        8.360        2.000        3.000        0.000        0.000        0.000        1.000        0.000        0.000        0.000        0.000        0.000
K:
     0:        1.000        2.000
T:
     0:        8.370       10.010       58.980      203.290
