File: C:\MED-PC\Data\2017-11-15_11h39m_Subject 415.txt


Start Date: 11/15/17
End Date: 11/15/17
Subject: 415
Experiment: ACI JAX 11.15
Group: 0
Box: 4
Start Time: 11:39:06
End Time: 11:54:18
MSN: Discrimination Tone Training_v3
C:      22.000
D:      25.000
E:       0.000
F:       1.000
G:       2.000
H:       2.000
I:     658.000
J:       0.000
L:       0.000
M:      52.000
N:       1.000
O:       0.000
P:       0.000
Q:       0.000
R:       0.000
S:       0.000
U:       0.000
V:       0.000
W:       0.000
X:       0.000
Y:       0.000
Z:       0.000
A:
     0:     2000.000       75.000       30.000     9000.000       63.000       30.000       10.000        1.000
B:
     0:        1.000        1.000        0.000        0.000        0.000        0.000        0.000        0.000        0.000        0.000        7.000        0.000        1.470        0.000
    14:        2.000        2.000       42.380        0.000        0.000        0.000        0.000        0.000        1.000        0.000        0.000        0.000        0.000        0.000
    28:        3.000        2.000        2.010        1.000        0.000        0.000        0.000        0.000        1.000        0.000        0.000        0.000        0.000        0.000
    42:        4.000        2.000        2.150        0.000        0.000        0.000        0.000        0.000        1.000        0.000        0.000        0.000        0.000        0.000
    56:        5.000        2.000        8.580        0.000        0.000        0.000        0.000        0.000        1.000        0.000        4.000        0.000       39.050        0.000
    70:        6.000        2.000        5.580        0.000        0.000        0.000        0.000        0.000        1.000        0.000        1.000        0.000        3.150        0.000
    84:        7.000        1.000        7.950        3.000        2.000        0.000        0.000        0.000        1.000        0.000        2.000        0.000        5.240        0.000
    98:        8.000        1.000        2.950        0.000        2.000        0.000        0.000       96.270        1.000        0.000        0.000        0.000        0.000        0.000
   112:        9.000        1.000        3.900        0.000        2.000        0.000        0.000        1.020        1.000        0.000        1.000        0.000       14.530      152.260
   126:       10.000        1.000       11.680        0.000        1.000        0.000        0.000        1.270        1.000        0.000        2.000        0.000        1.140        0.000
   140:       11.000        1.000        4.170        0.000        2.000        0.000        0.000        1.480        1.000        0.000        0.000        0.000        0.000        0.000
   154:       12.000        2.000       16.360        1.000        0.000        0.000        0.000        0.000        1.000        0.000        7.000        0.000       16.230        0.000
   168:       13.000        1.000        2.570        0.000        3.000        0.000        0.000       14.560        1.000        0.000        0.000        0.000        0.000        0.000
   182:       14.000        2.000        0.000        0.000        0.000        0.000        0.000        0.000        0.000        0.000       11.000        0.000       17.370        0.000
   196:       15.000        2.000       44.030        0.000        0.000        0.000        0.000        0.000        1.000        0.000        1.000        0.000        1.130        0.000
   210:       16.000        2.000        4.370        0.000        0.000        0.000        0.000        0.000        1.000        0.000        0.000        0.000        0.000        0.000
   224:       17.000        2.000        3.340        0.000        0.000        0.000        0.000        0.000        1.000        0.000        0.000        0.000        0.000        0.000
   238:       18.000        2.000        5.880        0.000        0.000        0.000        0.000        0.000        1.000        0.000        1.000        0.000       30.320        0.000
   252:       19.000        1.000        0.000        0.000        0.000        0.000        0.000        0.000        0.000        0.000        8.000        0.000        2.970        0.000
   266:       20.000        2.000       54.600        0.000        0.000        0.000        0.000        0.000        1.000        0.000        0.000        0.000        0.000        0.000
   280:       21.000        1.000       11.300        0.000        2.000        0.000        0.000      135.590        1.000        0.000        1.000        0.000       30.670      257.380
   294:       22.000        1.000        8.100        2.000        2.000        0.000        0.000        0.000        1.000        0.000        1.000        0.000        6.180        0.000
   308:       23.000        2.000       21.650        1.000        0.000        0.000        0.000        0.000        1.000        0.000        4.000        0.000        2.890        0.000
   322:       24.000        2.000        8.030        0.000        0.000        0.000        0.000        0.000        1.000        0.000        2.000        0.000        1.910        0.000
   336:       25.000        1.000        1.430        0.000        1.000        0.000        0.000       65.110        1.000        0.000        1.000        0.000        0.140       67.030
   350:       26.000        1.000        1.740        0.000        3.000        0.000        0.000        1.230        1.000        0.000        0.000        0.000        0.000        0.000
   364:       27.000        2.000        9.680        0.000        0.000        0.000        0.000        0.000        1.000        0.000        2.000        0.000       13.600        0.000
   378:       28.000        2.000       14.440        1.000        1.000        0.000        0.000        0.000        1.000        0.000        2.000        0.000       10.690        0.000
   392:       29.000        2.000       10.080        0.000        0.000        0.000        0.000        0.000        1.000        0.000        1.000        0.000        1.200        0.000
   406:       30.000        1.000        0.150        0.000        1.000        0.000        0.000       58.780        1.000        0.000        0.000        0.000        0.000        0.000
   420:       31.000        2.000       18.200        1.000        0.000        0.000        0.000        0.000        1.000        0.000        2.000        0.000       13.170        0.000
   434:       32.000        2.000        0.560        0.000        0.000        0.000        0.000        0.000        1.000        0.000        0.000        0.000        0.000        0.000
   448:       33.000        2.000        4.960        0.000        0.000        0.000        0.000        0.000        1.000        0.000        2.000        0.000       12.370        0.000
   462:       34.000        1.000        4.640        0.000        1.000        0.000        0.000       44.140        1.000        0.000        0.000        0.000        0.000        0.000
   476:       35.000        1.000        1.550        0.000        4.000        0.000        0.000        0.000        1.000        0.000        0.000        0.000        0.000        0.000
   490:       36.000        2.000       14.340        0.000        0.000        0.000        0.000        0.000        1.000        0.000        1.000        0.000       39.810        0.000
   504:       37.000        1.000       12.930        0.000        0.000        0.000        0.000        0.000        1.000        0.000        0.000        0.000        0.000        0.000
   518:       38.000        1.000        0.920        0.000        2.000        0.000        0.000       62.480        1.000        0.000        0.000        0.000        0.000        0.000
   532:       39.000        2.000       13.640        0.000        0.000        0.000        0.000        0.000        1.000        0.000        7.000        0.000       38.760        0.000
   546:       40.000        2.000        5.920        0.000        1.000        0.000        0.000        0.000        1.000        0.000        2.000        0.000        2.390        0.000
   560:       41.000        1.000        1.250        0.000        1.000        0.000        0.000       30.150        1.000        0.000        0.000        0.000        0.000        0.000
   574:       42.000        1.000        0.110        0.000        1.000        0.000        0.000        1.030        1.000        0.000        0.000        0.000        0.000        0.000
   588:       43.000        2.000       10.190        0.000        1.000        0.000        0.000        9.550        1.000        0.000        4.000        0.000       25.040        0.000
   602:       44.000        2.000        2.630        0.000        0.000        0.000        0.000        0.000        1.000        0.000        0.000        0.000        0.000        0.000
   616:       47.000        1.000        1.640        0.000        2.000        0.000        0.000       15.560        1.000        0.000        0.000        0.000        0.000        0.000
   630:       49.000        1.000        3.930        0.000        4.000        0.000        0.000        0.000        1.000        0.000        0.000        0.000        0.000        0.000
   644:       52.000        1.000        0.580        0.000        1.000        0.000        0.000       14.620        1.000        0.000        0.000        0.000        0.000        0.000
K:
     0:        1.000        2.000
T:
     0:        0.590       14.630       56.890      367.120
