File: C:\MED-PC\Data\2017-11-29_11h11m_Subject 423.txt


Start Date: 11/29/17
End Date: 11/29/17
Subject: 423
Experiment: 0
Group: 0
Box: 4
Start Time: 11:11:22
End Time: 11:24:44
MSN: Discrimination Tone Training_v3
C:      19.000
D:      25.000
E:       0.000
F:       1.000
G:       2.000
H:       2.000
I:     616.000
J:       0.000
L:       0.000
M:      53.000
N:       1.000
O:       0.000
P:       0.000
Q:       0.000
R:       0.000
S:       0.000
U:       0.000
V:       0.000
W:       0.000
X:       0.000
Y:       0.000
Z:       0.000
A:
     0:     2000.000       75.000       10.000     9000.000       63.000       10.000       10.000        1.000
B:
     0:        1.000        2.000        0.640        0.000        0.000        0.000        0.000        0.000        1.000        0.000        0.000        0.000        0.000        0.000
    14:        2.000        2.000        4.940        0.000        0.000        0.000        0.000        0.000        1.000        0.000        0.000        0.000        0.000        0.000
    28:        3.000        1.000        0.000        0.000        0.000        0.000        0.000        0.000        0.000        0.000        2.000        0.000       29.240        0.000
    42:        4.000        2.000        0.000        0.000        0.000        1.000        0.000        0.000        0.000        0.000        0.000        1.000        0.000        0.000
    56:        5.000        2.000       45.120        0.000        0.000        0.000        0.000        0.000        1.000        0.000        0.000        0.000        0.000        0.000
    70:        6.000        2.000        1.270        0.000        0.000        0.000        0.000        0.000        1.000        0.000        0.000        0.000        0.000        0.000
    84:        7.000        1.000        0.000        0.000        0.000        0.000        0.000        0.000        0.000        0.000        2.000        0.000       49.440        0.000
    98:        8.000        1.000       23.000        0.000        4.000        0.000        0.000      119.350        1.000        0.000        0.000        0.000        0.000        0.000
   112:        9.000        2.000        3.550        0.000        0.000        0.000        0.000        0.000        1.000        0.000        0.000        0.000        0.000        0.000
   126:       10.000        1.000        0.000        0.000        0.000        0.000        1.000        0.000        0.000        0.000        4.000        0.000       28.890        0.000
   140:       11.000        2.000       22.800        0.000        0.000        0.000        0.000        0.000        1.000        0.000        0.000        0.000        0.000        0.000
   154:       12.000        2.000        8.680        0.000        0.000        0.000        0.000        0.000        1.000        0.000        3.000        0.000       13.090        0.000
   168:       13.000        2.000        8.680        0.000        0.000        0.000        0.000        0.000        1.000        0.000        1.000        0.000        3.600        0.000
   182:       14.000        2.000        3.940        0.000        0.000        0.000        0.000        0.000        1.000        0.000        0.000        0.000        0.000        0.000
   196:       15.000        2.000        2.050        0.000        0.000        0.000        0.000        0.000        1.000        0.000        0.000        0.000        0.000        0.000
   210:       16.000        1.000        1.140        0.000        1.000        0.000        0.000      114.430        1.000        0.000        0.000        0.000        0.000        0.000
   224:       17.000        2.000        3.650        0.000        0.000        0.000        0.000        0.000        1.000        0.000        0.000        0.000        0.000        0.000
   238:       18.000        1.000        1.990        0.000        1.000        0.000        0.000       13.890        1.000        0.000        0.000        0.000        0.000        0.000
   252:       19.000        2.000        2.810        0.000        0.000        0.000        0.000        0.000        1.000        0.000        0.000        0.000        0.000        0.000
   266:       20.000        1.000        0.000        0.000        0.000        0.000        0.000        0.000        0.000        0.000        0.000        1.000        0.000        0.000
   280:       21.000        2.000       24.280        0.000        0.000        0.000        0.000        0.000        1.000        0.000        0.000        0.000        0.000        0.000
   294:       22.000        2.000        4.700        0.000        0.000        0.000        0.000        0.000        1.000        0.000        0.000        0.000        0.000        0.000
   308:       23.000        1.000        0.480        0.000        1.000        0.000        0.000       63.660        1.000        0.000        0.000        0.000        0.000        0.000
   322:       24.000        1.000        0.000        0.000        0.000        0.000        0.000        0.000        0.000        0.000        0.000        1.000        0.000        0.000
   336:       25.000        2.000       24.310        0.000        0.000        0.000        0.000        0.000        1.000        0.000        0.000        0.000        0.000        0.000
   350:       26.000        1.000        0.000        0.000        0.000        0.000        0.000        0.000        0.000        0.000        0.000        1.000        0.000        0.000
   364:       27.000        1.000        0.000        0.000        0.000        0.000        0.000        0.000        0.000        0.000        0.000        1.000        0.000        0.000
   378:       28.000        2.000       48.670        0.000        0.000        0.000        0.000        0.000        1.000        0.000        2.000        0.000      223.500        0.000
   392:       29.000        2.000        5.960        0.000        0.000        0.000        0.000        0.000        1.000        0.000        1.000        0.000        1.670        0.000
   406:       30.000        2.000        8.890        0.000        0.000        0.000        0.000        0.000        1.000        0.000        3.000        0.000        0.340        0.000
   420:       31.000        2.000        7.480        0.000        0.000        0.000        0.000        0.000        1.000        0.000        0.000        0.000        0.000        0.000
   434:       32.000        2.000        6.930        0.000        0.000        0.000        0.000        0.000        1.000        0.000        2.000        0.000       19.400        0.000
   448:       33.000        1.000        3.080        0.000        0.000        0.000        0.000        0.000        1.000        0.000        0.000        0.000        0.000        0.000
   462:       34.000        1.000        0.000        0.000        0.000        0.000        0.000        0.000        0.000        0.000        0.000        1.000        0.000        0.000
   476:       35.000        2.000       26.720        0.000        0.000        0.000        0.000        0.000        1.000        0.000        0.000        0.000        0.000        0.000
   490:       36.000        1.000        0.960        0.000        1.000        0.000        0.000      197.900        1.000        0.000        0.000        0.000        0.000        0.000
   504:       37.000        1.000        0.000        0.000        0.000        0.000        0.000        0.000        0.000        0.000        0.000        1.000        0.000        0.000
   518:       38.000        2.000       23.890        0.000        0.000        0.000        0.000        0.000        1.000        0.000        0.000        0.000        0.000        0.000
   532:       39.000        1.000        1.120        0.000        3.000        0.000        0.000       13.110        1.000        0.000        0.000        0.000        0.000        0.000
   546:       40.000        2.000        8.290        0.000        0.000        0.000        0.000        0.000        1.000        0.000        0.000        0.000        0.000        0.000
   560:       41.000        2.000        4.190        0.000        0.000        0.000        0.000        0.000        1.000        0.000        0.000        0.000        0.000        0.000
   574:       46.000        1.000        1.210        0.000        1.000        0.000        0.000       32.320        1.000        0.000        0.000        0.000        0.000        0.000
   588:       47.000        1.000        0.000        0.000        0.000        0.000        0.000        0.000        0.000        0.000        0.000        1.000        0.000        0.000
   602:       53.000        1.000       30.200        0.000        2.000        0.000        0.000        1.050        1.000        0.000        0.000        0.000        0.000        0.000
K:
     0:        1.000        2.000
T:
     0:       30.210        1.060      201.920      703.350
