File: C:\MED-PC\Data\2017-11-14_10h20m_Subject 172.txt


Start Date: 11/14/17
End Date: 11/14/17
Subject: 172
Experiment: ACI JAX 11.14
Group: 0
Box: 3
Start Time: 10:20:50
End Time: 10:45:27
MSN: Discrimination Tone Training_v3
C:      20.000
D:      25.000
E:       0.000
F:       1.000
G:       2.000
H:       2.000
I:     630.000
J:       0.000
L:       0.000
M:      50.000
N:       1.000
O:       0.000
P:       0.000
Q:       0.000
R:       0.000
S:       0.000
U:       0.000
V:       0.000
W:       0.000
X:       0.000
Y:       0.000
Z:       0.000
A:
     0:     2000.000       75.000       30.000     9000.000       63.000       30.000       10.000        1.000
B:
     0:        1.000        1.000        0.000        2.000        0.000        0.000        1.000        0.000        0.000        0.000        1.000        0.000       18.280       18.090
    14:        2.000        2.000       43.910        0.000        0.000        0.000        0.000        0.000        1.000        0.000        0.000        0.000        0.000        0.000
    28:        3.000        2.000       15.570        0.000        1.000        0.000        0.000       33.110        1.000        0.000        0.000        0.000        0.000        0.000
    42:        4.000        1.000        0.000        4.000        0.000        0.000        1.000        0.000        0.000        0.000        1.000        0.000       47.280       29.370
    56:        5.000        2.000       62.130        1.000        0.000        0.000        0.000        0.000        1.000        0.000        0.000        0.000        0.000        0.000
    70:        6.000        2.000       13.810        0.000        0.000        0.000        0.000        0.000        1.000        0.000        0.000        0.000        0.000        0.000
    84:        7.000        1.000        0.000        1.000        0.000        3.000        0.000        0.000        0.000        0.000        0.000        1.000        0.000        0.000
    98:        8.000        1.000        0.000        0.000        0.000        0.000        0.000        0.000        0.000        0.000        0.000        1.000        0.000        0.000
   112:        9.000        1.000      110.670        0.000        4.000        0.000        0.000      147.590        1.000        0.000        3.000        0.000      150.020        0.000
   126:       10.000        2.000       29.700        0.000        2.000        0.000        0.000        0.000        0.000        1.000        0.000        0.000        0.000        0.000
   140:       11.000        2.000       29.090        0.000        0.000        0.000        0.000        0.000        0.000        1.000        0.000        0.000        0.000        0.000
   154:       12.000        2.000        3.700        0.000        0.000        0.000        0.000        0.000        1.000        0.000        0.000        0.000        0.000        0.000
   168:       13.000        2.000        4.650        0.000        0.000        0.000        0.000        0.000        1.000        0.000        0.000        0.000        0.000        0.000
   182:       14.000        2.000       10.120        0.000        0.000        0.000        0.000        0.000        1.000        0.000        0.000        0.000        0.000        0.000
   196:       15.000        2.000        8.580        0.000        0.000        0.000        0.000        0.000        1.000        0.000        0.000        0.000        0.000        0.000
   210:       16.000        1.000       28.510        0.000        4.000        0.000        0.000      151.830        1.000        0.000        2.000        0.000      168.640        0.000
   224:       17.000        2.000        9.010        0.000        0.000        0.000        0.000        0.000        1.000        0.000        0.000        0.000        0.000        0.000
   238:       18.000        1.000        2.370        0.000        3.000        0.000        0.000       14.690        1.000        0.000        0.000        0.000        0.000        0.000
   252:       19.000        2.000       12.300        1.000        1.000        0.000        0.000        0.000        1.000        0.000        0.000        0.000        0.000        0.000
   266:       20.000        2.000        7.400        0.000        0.000        0.000        0.000        0.000        1.000        0.000        0.000        0.000        0.000        0.000
   280:       21.000        2.000       13.400        0.000        0.000        0.000        0.000        0.000        1.000        0.000        0.000        0.000        0.000        0.000
   294:       22.000        2.000        6.950        0.000        0.000        0.000        0.000        0.000        1.000        0.000        0.000        0.000        0.000        0.000
   308:       23.000        2.000        7.410        0.000        0.000        0.000        0.000        0.000        1.000        0.000        0.000        0.000        0.000        0.000
   322:       24.000        2.000       10.860        0.000        0.000        0.000        0.000        0.000        1.000        0.000        0.000        0.000        0.000        0.000
   336:       25.000        1.000        9.560        0.000        4.000        0.000        0.000      122.770        1.000        0.000        0.000        0.000        0.000        0.000
   350:       26.000        1.000        8.350        1.000        4.000        0.000        0.000        0.000        1.000        0.000        0.000        0.000        0.000        0.000
   364:       27.000        2.000       23.400        1.000        1.000        0.000        0.000        0.000        1.000        0.000        2.000        0.000      208.100        0.000
   378:       28.000        1.000       19.480        0.000        4.000        0.000        0.000       65.820        1.000        0.000        2.000        0.000        7.980        0.000
   392:       29.000        1.000        2.250        0.000        1.000        0.000        0.000        1.350        1.000        0.000        0.000        0.000        0.000        0.000
   406:       30.000        2.000       13.530        0.000        0.000        0.000        0.000        0.000        1.000        0.000        1.000        0.000       18.330        0.000
   420:       31.000        2.000       21.000        0.000        0.000        0.000        0.000        0.000        1.000        0.000        4.000        0.000        0.030        0.000
   434:       32.000        2.000        8.940        0.000        0.000        0.000        0.000        0.000        1.000        0.000        1.000        0.000        4.540        0.000
   448:       33.000        2.000       14.930        0.000        0.000        0.000        0.000        0.000        1.000        0.000        0.000        0.000        0.000        0.000
   462:       34.000        1.000        0.000        0.000        0.000        0.000        0.000        0.000        0.000        0.000        0.000        1.000        0.000        0.000
   476:       35.000        1.000        0.000        0.000        0.000        0.000        0.000        0.000        0.000        0.000        2.000        0.000       77.000        0.000
   490:       36.000        2.000      108.050        0.000        0.000        0.000        0.000        0.000        1.000        0.000        0.000        0.000        0.000        0.000
   504:       37.000        2.000        0.670        0.000        0.000        0.000        0.000        0.000        1.000        0.000        0.000        0.000        0.000        0.000
   518:       38.000        1.000        1.950        0.000        3.000        0.000        0.000      222.720        1.000        0.000        0.000        0.000        0.000        0.000
   532:       39.000        2.000        0.000        4.000        0.000        0.000        0.000        0.000        0.000        0.000        2.000        0.000       81.710        0.000
   546:       40.000        1.000       69.920        0.000        3.000        0.000        0.000        1.240        1.000        0.000        1.000        0.000       15.470      813.690
   560:       41.000        1.000        0.400        0.000        2.000        0.000        0.000        1.170        1.000        0.000        0.000        0.000        0.000        0.000
   574:       44.000        1.000       18.000        2.000        7.000        0.000        0.000        0.000        1.000        0.000        0.000        0.000        0.000        0.000
   588:       45.000        1.000        3.900        1.000        1.000        0.000        0.000        0.000        1.000        0.000        0.000        0.000        0.000        0.000
   602:       46.000        1.000       27.180        0.000        5.000        0.000        0.000       54.300        1.000        0.000        1.000        0.000       68.280       17.450
   616:       50.000        1.000       27.100        6.000        2.000        0.000        0.000        0.000        1.000        0.000        0.000        0.000        0.000        0.000
K:
     0:        1.000        2.000
T:
     0:       27.110       10.010       37.120       17.460
