File: C:\MED-PC\Data\2017-11-20_10h22m_Subject 416.txt


Start Date: 11/20/17
End Date: 11/20/17
Subject: 416
Experiment: ACI JAX 11.20
Group: 0
Box: 1
Start Time: 10:22:47
End Time: 10:42:44
MSN: Discrimination Tone Training_v3
C:      21.000
D:      25.000
E:       0.000
F:       1.000
G:       2.000
H:       2.000
I:     644.000
J:       0.000
L:       0.000
M:      50.000
N:       1.000
O:       0.000
P:       0.000
Q:       0.000
R:       0.000
S:       0.000
U:       0.000
V:       0.000
W:       0.000
X:       0.000
Y:       0.000
Z:       0.000
A:
     0:     2000.000       75.000       15.000     9000.000       63.000       15.000       10.000        1.000
B:
     0:        1.000        1.000        0.000        0.000        0.000        0.000        0.000        0.000        0.000        0.000        4.000        0.000        3.340        0.000
    14:        2.000        1.000        0.000        0.000        0.000        0.000        0.000        0.000        0.000        0.000        6.000        0.000        0.550        0.000
    28:        3.000        2.000       54.320        0.000        0.000        0.000        0.000        0.000        1.000        0.000        0.000        0.000        0.000        0.000
    42:        4.000        2.000        0.600        0.000        0.000        0.000        0.000        0.000        1.000        0.000        0.000        0.000        0.000        0.000
    56:        5.000        2.000       10.520        0.000        0.000        0.000        0.000        0.000        1.000        0.000        0.000        0.000        0.000        0.000
    70:        6.000        1.000        0.000        0.000        0.000        0.000        0.000        0.000        0.000        0.000        2.000        0.000       50.070        0.000
    84:        7.000        1.000        0.000        0.000        0.000        0.000        6.000        0.000        0.000        0.000        3.000        0.000        4.350        0.000
    98:        8.000        2.000       58.050        0.000        0.000        0.000        2.000        0.000        1.000        0.000        0.000        0.000        0.000        0.000
   112:        9.000        1.000        0.000        0.000        0.000        0.000        0.000        0.000        0.000        0.000        3.000        0.000       26.980        0.000
   126:       10.000        2.000       30.220        0.000        0.000        0.000        0.000        0.000        1.000        0.000        0.000        0.000        0.000        0.000
   140:       11.000        2.000        6.620        0.000        0.000        0.000        0.000        0.000        1.000        0.000        0.000        0.000        0.000        0.000
   154:       12.000        2.000        0.670        0.000        0.000        0.000        0.000        0.000        1.000        0.000        0.000        0.000        0.000        0.000
   168:       13.000        2.000        0.350        0.000        0.000        0.000        0.000        0.000        1.000        0.000        0.000        0.000        0.000        0.000
   182:       14.000        1.000        0.000        0.000        0.000        0.000        0.000        0.000        0.000        0.000        0.000        1.000        0.000        0.000
   196:       15.000        1.000       35.810        0.000        8.000        0.000        0.000      232.000        1.000        0.000        1.000        0.000       85.690      282.980
   210:       16.000        2.000        3.860        1.000        0.000        0.000        0.000        0.000        1.000        0.000        0.000        0.000        0.000        0.000
   224:       17.000        2.000       10.960        0.000        0.000        0.000        0.000        0.000        1.000        0.000        2.000        0.000       15.220        0.000
   238:       18.000        1.000        0.000        0.000        0.000        0.000        0.000        0.000        0.000        0.000        2.000        0.000        1.550        0.000
   252:       19.000        2.000       30.850        0.000        0.000        0.000        0.000        0.000        1.000        0.000        0.000        0.000        0.000        0.000
   266:       20.000        1.000        1.060        0.000        3.000        0.000        0.000       77.080        1.000        0.000        0.000        0.000        0.000        0.000
   280:       21.000        1.000        2.600        0.000        6.000        0.000        0.000        1.220        1.000        0.000        0.000        0.000        0.000        0.000
   294:       22.000        2.000        1.000        0.000        1.000        0.000        0.000        6.930        1.000        0.000        0.000        0.000        0.000        0.000
   308:       23.000        2.000        4.660        0.000        0.000        0.000        0.000        0.000        1.000        0.000        1.000        0.000       54.590        0.000
   322:       24.000        2.000        0.000        0.000        0.000        0.000        0.000        0.000        0.000        0.000        2.000        0.000        0.740        0.000
   336:       25.000        2.000       28.000        0.000        0.000        0.000        0.000        0.000        1.000        0.000        0.000        0.000        0.000        0.000
   350:       26.000        1.000        0.500        0.000        8.000        0.000        0.000       51.880        1.000        0.000        0.000        0.000        0.000        0.000
   364:       27.000        2.000       12.670        0.000        0.000        0.000        0.000        0.000        1.000        0.000        3.000        0.000       28.340        0.000
   378:       28.000        2.000        0.000        0.000        0.000        0.000        0.000        0.000        0.000        0.000        4.000        0.000        2.120        0.000
   392:       29.000        2.000       32.650        0.000        0.000        0.000        0.000        0.000        1.000        0.000        0.000        0.000        0.000        0.000
   406:       30.000        1.000        1.820        0.000        1.000        0.000        0.000       57.950        1.000        0.000        0.000        0.000        0.000        0.000
   420:       31.000        2.000       11.830        0.000        0.000        0.000        0.000        0.000        1.000        0.000        1.000        0.000       31.320        0.000
   434:       32.000        1.000        0.000        0.000        0.000        0.000        0.000        0.000        0.000        0.000        0.000        1.000        0.000        0.000
   448:       33.000        1.000       40.510        0.000        3.000        0.000        0.000       53.110        1.000        0.000        2.000        0.000       30.570        0.000
   462:       34.000        2.000        0.000        0.000        0.000        0.000        0.000        0.000        0.000        0.000        6.000        0.000        0.800        0.000
   476:       35.000        1.000       29.150        0.000        3.000        0.000        0.000        0.880        1.000        0.000        1.000        0.000        1.110      352.200
   490:       36.000        2.000       14.480        0.000        0.000        0.000        0.000        0.000        0.000        1.000        6.000        0.000        0.230        0.000
   504:       37.000        1.000       13.830        0.000        1.000        0.000        0.000       25.970        1.000        0.000        1.000        0.000       11.870       40.220
   518:       38.000        1.000        0.570        0.000        1.000        0.000        0.000        1.160        1.000        0.000        0.000        0.000        0.000        0.000
   532:       39.000        2.000        0.000        0.000        0.000        0.000        1.000        0.000        0.000        0.000        3.000        0.000       11.710        0.000
   546:       40.000        1.000       27.400        0.000        1.000        0.000        0.000        6.390        1.000        0.000        0.000        0.000        0.000        0.000
   560:       41.000        2.000        0.000        0.000        1.000        0.000        0.000        0.000        0.000        0.000        5.000        0.000       13.590        0.000
   574:       42.000        2.000       35.170        0.000        0.000        0.000        0.000        0.000        1.000        0.000        2.000        0.000        1.410        0.000
   588:       43.000        2.000        0.030        0.000        0.000        0.000        0.000        0.000        1.000        0.000        0.000        0.000        0.000        0.000
   602:       45.000        1.000        5.920        0.000        3.000        0.000        0.000       30.620        1.000        0.000        0.000        0.000        0.000        0.000
   616:       48.000        1.000        3.240        0.000        1.000        0.000        0.000        1.060        1.000        0.000        0.000        0.000        0.000        0.000
   630:       50.000        1.000        2.700        0.000        1.000        0.000        0.000        1.090        1.000        0.000        0.000        0.000        0.000        0.000
K:
     0:        1.000        2.000
T:
     0:        2.710        1.100       59.000      143.510
