File: C:\MED-PC\Data\2017-11-12_16h56m_Subject 423.txt


Start Date: 11/12/17
End Date: 11/12/17
Subject: 423
Experiment: ACI JAX 11.12
Group: 0
Box: 4
Start Time: 16:56:16
End Time: 17:19:31
MSN: Discrimination Tone Training_v3
C:      25.000
D:      25.000
E:       0.000
F:       1.000
G:       2.000
H:       2.000
I:     700.000
J:       0.000
L:       0.000
M:      50.000
N:       1.000
O:       0.000
P:       0.000
Q:       0.000
R:       0.000
S:       0.000
U:       0.000
V:       0.000
W:       0.000
X:       0.000
Y:       0.000
Z:       0.000
A:
     0:     2000.000       75.000       30.000     9000.000       63.000       30.000       10.000        1.000
B:
     0:        1.000        1.000        9.200        0.000        0.000        0.000        0.000        0.000        1.000        0.000        0.000        0.000        0.000        0.000
    14:        2.000        2.000        0.000        4.000        1.000        0.000        0.000        0.000        0.000        0.000        0.000        1.000        0.000        0.000
    28:        3.000        1.000       61.470        0.000        1.000        0.000        0.000       74.720        1.000        0.000        3.000        0.000       63.330        0.000
    42:        4.000        2.000       20.200        0.000        0.000        0.000        0.000        0.000        1.000        0.000        0.000        0.000        0.000        0.000
    56:        5.000        2.000        0.000        0.000        0.000        0.000        0.000        0.000        0.000        0.000        9.000        0.000       33.770        0.000
    70:        6.000        1.000       43.120        0.000        0.000        0.000        1.000        0.000        1.000        0.000        0.000        0.000        0.000        0.000
    84:        7.000        2.000       25.460        0.000        0.000        0.000        0.000        0.000        1.000        0.000        0.000        0.000        0.000        0.000
    98:        8.000        1.000        0.070        0.000        1.000        0.000        0.000      103.200        1.000        0.000        0.000        0.000        0.000        0.000
   112:        9.000        2.000        0.000        0.000        0.000        0.000        0.000        0.000        0.000        0.000        4.000        0.000       68.480        0.000
   126:       10.000        2.000       55.470        0.000        0.000        0.000        0.000        0.000        1.000        0.000        0.000        0.000        0.000        0.000
   140:       11.000        1.000        2.860        0.000        1.000        0.000        0.000       15.360        1.000        0.000        0.000        0.000        0.000        0.000
   154:       12.000        2.000        0.000        2.000        0.000        0.000        0.000        0.000        0.000        0.000       11.000        0.000       52.780        0.000
   168:       13.000        1.000       42.110        0.000        0.000        0.000        0.000        0.000        1.000        0.000        0.000        0.000        0.000        0.000
   182:       14.000        2.000       11.540        0.000        0.000        0.000        0.000        0.000        1.000        0.000        0.000        0.000        0.000        0.000
   196:       15.000        1.000       25.310        0.000        0.000        0.000        0.000        0.000        1.000        0.000        2.000        0.000       44.720        0.000
   210:       16.000        2.000        0.000        0.000        0.000        0.000        0.000        0.000        0.000        0.000       15.000        0.000        1.210        0.000
   224:       17.000        2.000       58.690        0.000        0.000        0.000        0.000        0.000        1.000        0.000        3.000        0.000        0.920        0.000
   238:       18.000        1.000        1.400        0.000        0.000        0.000        0.000        0.000        1.000        0.000        0.000        0.000        0.000        0.000
   252:       19.000        1.000        0.000        0.000        0.000        0.000        0.000        0.000        0.000        0.000        0.000        1.000        0.000        0.000
   266:       20.000        1.000       58.680        0.000        2.000        0.000        0.000      212.250        1.000        0.000        0.000        0.000        0.000        0.000
   280:       21.000        2.000       20.130        0.000        0.000        0.000        0.000        0.000        1.000        0.000        0.000        0.000        0.000        0.000
   294:       22.000        1.000       21.440        0.000        0.000        0.000        0.000        0.000        1.000        0.000        0.000        0.000        0.000        0.000
   308:       23.000        2.000       29.630        0.000        0.000        0.000        0.000        0.000        0.000        1.000        0.000        0.000        0.000        0.000
   322:       24.000        2.000       20.730        0.000        0.000        0.000        0.000        0.000        1.000        0.000        7.000        0.000      188.960        0.000
   336:       25.000        2.000        5.350        0.000        0.000        0.000        0.000        0.000        1.000        0.000        0.000        0.000        0.000        0.000
   350:       26.000        1.000        2.320        0.000        1.000        0.000        0.000      135.950        1.000        0.000        0.000        0.000        0.000        0.000
   364:       27.000        1.000        0.000        0.000        0.000        0.000        0.000        0.000        0.000        0.000        0.000        1.000        0.000        0.000
   378:       28.000        1.000       50.100        2.000        1.000        0.000        0.000        0.000        1.000        0.000        1.000        0.000       75.730      720.310
   392:       29.000        2.000        0.000        1.000        0.000        0.000        0.000        0.000        0.000        0.000        8.000        0.000       12.470        0.000
   406:       30.000        1.000       44.500        0.000        4.000        0.000        0.000       62.240        1.000        0.000        0.000        0.000        0.000        0.000
   420:       31.000        2.000        0.000        0.000        0.000        0.000        0.000        0.000        0.000        0.000       10.000        0.000       14.750        0.000
   434:       32.000        2.000       42.790        0.000        1.000        0.000        0.000        3.780        1.000        0.000        0.000        0.000        0.000        0.000
   448:       33.000        2.000        0.000        0.000        0.000        0.000        0.000        0.000        0.000        0.000        7.000        0.000       17.040        0.000
   462:       34.000        2.000        0.000        0.000        0.000        0.000        0.000        0.000        0.000        0.000        6.000        0.000        1.330        0.000
   476:       35.000        2.000       86.720        0.000        0.000        0.000        0.000        0.000        1.000        0.000        0.000        0.000        0.000        0.000
   490:       36.000        1.000        2.020        0.000        1.000        0.000        0.000       14.330        1.000        0.000        0.000        0.000        0.000        0.000
   504:       37.000        2.000       22.020        0.000        0.000        0.000        0.000        0.000        1.000        0.000        0.000        0.000        0.000        0.000
   518:       38.000        1.000       22.380        0.000        0.000        0.000        0.000        0.000        1.000        0.000        1.000        0.000       73.930        0.000
   532:       39.000        2.000        0.000        0.000        0.000        0.000        0.000        0.000        0.000        0.000        0.000        1.000        0.000        0.000
   546:       40.000        1.000       49.180        0.000        0.000        0.000        0.000        0.000        1.000        0.000        0.000        0.000        0.000        0.000
   560:       41.000        1.000        0.000        0.000        0.000        0.000        0.000        0.000        0.000        0.000        0.000        1.000        0.000        0.000
   574:       42.000        1.000       44.250        0.000        0.000        0.000        0.000        0.000        1.000        0.000        0.000        0.000        0.000        0.000
   588:       43.000        1.000        7.640        0.000        0.000        0.000        0.000        0.000        1.000        0.000        0.000        0.000        0.000        0.000
   602:       44.000        1.000        7.070        0.000        4.000        0.000        0.000      187.410        1.000        0.000        0.000        0.000        0.000        0.000
   616:       45.000        1.000        4.290        0.000        0.000        0.000        0.000        0.000        1.000        0.000        0.000        0.000        0.000        0.000
   630:       46.000        2.000       29.900        0.000        0.000        0.000        0.000        0.000        0.000        1.000        0.000        0.000        0.000        0.000
   644:       47.000        2.000       29.990        0.000        0.000        0.000        0.000        0.000        0.000        1.000        9.000        0.000      211.600        0.000
   658:       48.000        1.000        1.140        0.000        0.000        0.000        0.000        0.000        1.000        0.000        0.000        0.000        0.000        0.000
   672:       49.000        2.000       22.110        0.000        0.000        0.000        0.000        0.000        1.000        0.000        0.000        0.000        0.000        0.000
   686:       50.000        1.000        0.910        0.000        2.000        0.000        0.000      140.460        1.000        0.000        0.000        0.000        0.000        0.000
K:
     0:        1.000        2.000
T:
     0:        0.920      140.470       56.240      579.900
