File: C:\MED-PC\Data\2017-11-26_17h55m_Subject 175.txt


Start Date: 11/26/17
End Date: 11/26/17
Subject: 175
Experiment: ACI JAX 11.26
Group: 0
Box: 1
Start Time: 17:55:04
End Time: 18:12:31
MSN: Discrimination Tone Training_v3
C:      21.000
D:      25.000
E:       0.000
F:       1.000
G:       2.000
H:       2.000
I:     644.000
J:       0.000
L:       0.000
M:      51.000
N:       1.000
O:       0.000
P:       0.000
Q:       0.000
R:       0.000
S:       0.000
U:       0.000
V:       0.000
W:       0.000
X:       0.000
Y:       0.000
Z:       0.000
A:
     0:     2000.000       75.000       15.000     9000.000       63.000       15.000       10.000        1.000
B:
     0:        1.000        1.000        4.400        0.000        2.000        0.000        0.000        1.020        1.000        0.000        0.000        0.000        0.000        0.000
    14:        2.000        2.000        0.000        0.000        0.000        0.000        0.000        0.000        0.000        0.000        5.000        0.000       16.870        0.000
    28:        3.000        2.000       28.950        0.000        0.000        0.000        0.000        0.000        1.000        0.000        1.000        0.000        0.460        0.000
    42:        4.000        2.000        7.200        0.000        0.000        0.000        0.000        0.000        1.000        0.000        2.000        0.000        3.050        0.000
    56:        5.000        1.000        8.050        0.000        1.000        0.000        0.000       43.230        1.000        0.000        3.000        0.000        1.570        0.000
    70:        6.000        2.000        6.090        0.000        0.000        0.000        0.000        0.000        1.000        0.000        2.000        0.000        0.750        0.000
    84:        7.000        2.000        2.550        0.000        0.000        0.000        0.000        0.000        1.000        0.000        0.000        0.000        0.000        0.000
    98:        8.000        2.000        5.110        0.000        0.000        0.000        0.000        0.000        1.000        0.000        0.000        0.000        0.000        0.000
   112:        9.000        2.000        3.600        0.000        1.000        0.000        0.000       50.030        1.000        0.000        1.000        0.000       30.210      131.970
   126:       10.000        1.000        6.180        4.000        1.000        0.000        0.000        0.000        1.000        0.000        0.000        0.000        0.000        0.000
   140:       11.000        2.000        6.280        0.000        1.000        0.000        0.000        0.000        1.000        0.000        1.000        0.000       20.120        0.000
   154:       12.000        1.000        0.890        0.000        1.000        0.000        0.000       34.500        1.000        0.000        0.000        0.000        0.000        0.000
   168:       13.000        2.000        8.890        1.000        0.000        0.000        0.000        0.000        1.000        0.000        2.000        0.000       13.400       28.700
   182:       14.000        1.000        0.020        0.000        4.000        0.000        0.000       12.490        1.000        0.000        0.000        0.000        0.000        0.000
   196:       15.000        2.000        9.890        0.000        0.000        0.000        0.000        0.000        1.000        0.000        1.000        0.000       14.140        0.000
   210:       16.000        2.000        5.900        0.000        0.000        0.000        0.000        0.000        1.000        0.000        1.000        0.000        0.670        0.000
   224:       17.000        1.000        4.580        3.000        3.000        0.000        0.000        0.000        1.000        0.000        0.000        0.000        0.000        0.000
   238:       18.000        2.000       11.300        1.000        0.000        0.000        0.000        0.000        1.000        0.000        5.000        0.000       17.680        0.000
   252:       19.000        1.000        2.580        0.000        2.000        0.000        0.000       70.230        1.000        0.000        0.000        0.000        0.000        0.000
   266:       20.000        2.000        8.910        1.000        0.000        0.000        0.000        0.000        1.000        0.000        2.000        0.000       16.580        0.000
   280:       21.000        1.000        3.550        0.000        1.000        0.000        0.000       15.440        1.000        0.000        0.000        0.000        0.000        0.000
   294:       22.000        2.000        6.200        0.000        0.000        0.000        0.000        0.000        1.000        0.000        2.000        0.000       14.630        0.000
   308:       23.000        1.000        1.760        0.000        1.000        0.000        0.000       13.590        1.000        0.000        0.000        0.000        0.000        0.000
   322:       24.000        1.000        0.340        0.000        2.000        0.000        0.000        1.100        1.000        0.000        0.000        0.000        0.000        0.000
   336:       25.000        1.000        1.920        0.000        3.000        0.000        0.000        0.800        1.000        0.000        0.000        0.000        0.000        0.000
   350:       26.000        1.000        0.670        0.000        2.000        0.000        0.000        1.220        1.000        0.000        0.000        0.000        0.000        0.000
   364:       27.000        2.000        6.580        0.000        0.000        0.000        0.000        0.000        1.000        0.000        1.000        0.000       50.790        0.000
   378:       28.000        2.000        0.000        2.000        0.000        0.000        0.000        0.000        0.000        0.000        4.000        0.000        5.400        0.000
   392:       29.000        1.000       26.680        0.000        0.000        0.000        0.000        0.000        1.000        0.000        0.000        0.000        0.000        0.000
   406:       30.000        2.000       14.140        0.000        0.000        0.000        0.000        0.000        0.000        1.000        1.000        0.000       13.230        0.000
   420:       31.000        2.000        1.360        0.000        0.000        0.000        0.000        0.000        1.000        0.000        0.000        0.000        0.000        0.000
   434:       32.000        2.000        4.090        0.000        0.000        0.000        0.000        0.000        1.000        0.000        0.000        0.000        0.000        0.000
   448:       33.000        1.000        9.640        0.000        2.000        0.000        0.000      112.110        1.000        0.000        2.000        0.000       27.520        0.000
   462:       34.000        1.000        3.790        0.000        1.000        0.000        0.000        1.140        1.000        0.000        0.000        0.000        0.000        0.000
   476:       35.000        1.000        2.520        1.000        4.000        0.000        0.000        0.000        1.000        0.000        0.000        0.000        0.000        0.000
   490:       36.000        2.000        3.070        0.000        0.000        0.000        0.000        0.000        1.000        0.000        0.000        0.000        0.000        0.000
   504:       37.000        2.000        4.870        0.000        1.000        0.000        0.000       37.370        1.000        0.000        1.000        0.000       43.050      370.250
   518:       38.000        1.000        0.040        0.000        2.000        0.000        0.000        0.930        1.000        0.000        0.000        0.000        0.000        0.000
   532:       39.000        1.000        5.410        0.000        1.000        0.000        0.000        1.420        1.000        0.000        0.000        0.000        0.000        0.000
   546:       40.000        2.000        6.110        0.000        0.000        0.000        0.000        0.000        1.000        0.000        4.000        0.000       27.680        0.000
   560:       41.000        1.000        0.000        0.000        0.000        0.000        0.000        0.000        0.000        0.000        0.000        1.000        0.000        0.000
   574:       42.000        2.000       29.920        0.000        0.000        0.000        0.000        0.000        1.000        0.000        1.000        0.000       26.540        0.000
   588:       43.000        2.000        6.740        0.000        0.000        0.000        0.000        0.000        1.000        0.000        1.000        0.000        1.020        0.000
   602:       44.000        1.000        0.180        0.000        1.000        0.000        0.000        0.000        1.000        0.000        0.000        0.000        0.000        0.000
   616:       45.000        2.000       14.730        0.000        0.000        0.000        0.000        0.000        0.000        1.000        3.000        0.000       12.860        0.000
   630:       51.000        1.000        1.510        0.000        1.000        0.000        0.000      119.140        1.000        0.000        0.000        0.000        0.000        0.000
K:
     0:        1.000        2.000
T:
     0:        1.520      119.150       11.530      129.180
