File: C:\MED-PC\Data\2017-11-13_13h34m_Subject 423.txt


Start Date: 11/13/17
End Date: 11/13/17
Subject: 423
Experiment: ACI JAX 11.13
Group: 0
Box: 3
Start Time: 13:34:07
End Time: 13:56:31
MSN: Discrimination Tone Training_v3
C:      22.000
D:      25.000
E:       0.000
F:       1.000
G:       2.000
H:       2.000
I:     658.000
J:       0.000
L:       0.000
M:      52.000
N:       1.000
O:       0.000
P:       0.000
Q:       0.000
R:       0.000
S:       0.000
U:       0.000
V:       0.000
W:       0.000
X:       0.000
Y:       0.000
Z:       0.000
A:
     0:     2000.000       75.000       30.000     9000.000       63.000       30.000       10.000        1.000
B:
     0:        1.000        2.000       16.880        0.000        0.000        0.000        0.000        0.000        1.000        0.000        0.000        0.000        0.000        0.000
    14:        2.000        2.000       21.270        0.000        0.000        0.000        0.000        0.000        1.000        0.000        0.000        0.000        0.000        0.000
    28:        3.000        2.000        2.820        0.000        0.000        0.000        0.000        0.000        1.000        0.000        0.000        0.000        0.000        0.000
    42:        4.000        1.000        0.000        0.000        0.000        0.000        0.000        0.000        0.000        0.000        2.000        0.000       84.950        0.000
    56:        5.000        1.000       55.710        0.000        3.000        0.000        0.000      113.950        1.000        0.000        1.000        0.000        9.310       45.880
    70:        6.000        1.000        0.150        0.000        3.000        0.000        0.000        1.100        1.000        0.000        0.000        0.000        0.000        0.000
    84:        7.000        1.000       23.060        0.000        0.000        0.000        0.000        0.000        1.000        0.000        0.000        0.000        0.000        0.000
    98:        8.000        2.000        0.000        4.000        1.000        1.000        0.000        0.000        0.000        0.000        0.000        1.000        0.000        0.000
   112:        9.000        2.000       43.800        0.000        0.000        0.000        0.000        0.000        1.000        0.000        0.000        0.000        0.000        0.000
   126:       10.000        2.000       23.350        0.000        0.000        0.000        0.000        0.000        1.000        0.000        2.000        0.000      103.640        0.000
   140:       11.000        2.000        5.710        0.000        0.000        0.000        0.000        0.000        1.000        0.000        0.000        0.000        0.000        0.000
   154:       12.000        1.000        5.240        0.000        3.000        0.000        0.000      123.120        1.000        0.000        0.000        0.000        0.000        0.000
   168:       13.000        2.000        4.530        0.000        0.000        0.000        0.000        0.000        1.000        0.000        0.000        0.000        0.000        0.000
   182:       14.000        1.000        6.220        0.000        2.000        0.000        0.000       19.290        1.000        0.000        0.000        0.000        0.000        0.000
   196:       15.000        2.000        6.940        0.000        0.000        0.000        0.000        0.000        1.000        0.000        0.000        0.000        0.000        0.000
   210:       16.000        2.000        8.950        0.000        1.000        0.000        0.000       29.270        1.000        0.000        1.000        0.000       87.840      132.870
   224:       17.000        2.000        8.660        0.000        0.000        0.000        0.000        0.000        1.000        0.000        1.000        0.000        3.130        0.000
   238:       18.000        2.000        6.120        0.000        0.000        0.000        0.000        0.000        1.000        0.000        1.000        0.000        1.390        0.000
   252:       19.000        1.000        1.780        0.000        1.000        0.000        0.000       38.930        1.000        0.000        0.000        0.000        0.000        0.000
   266:       20.000        1.000        0.000        2.000        0.000        0.000        0.000        0.000        0.000        0.000        0.000        1.000        0.000        0.000
   280:       21.000        1.000       45.060        0.000        0.000        0.000        0.000        0.000        1.000        0.000        0.000        0.000        0.000        0.000
   294:       22.000        2.000       11.640        0.000        0.000        0.000        0.000        0.000        1.000        0.000        2.000        0.000       69.290        0.000
   308:       23.000        1.000        6.030        0.000        1.000        0.000        0.000       40.660        1.000        0.000        0.000        0.000        0.000        0.000
   322:       24.000        1.000        3.860        0.000        1.000        0.000        0.000        0.860        1.000        0.000        0.000        0.000        0.000        0.000
   336:       25.000        2.000        6.270        0.000        0.000        0.000        0.000        0.000        1.000        0.000        1.000        0.000       34.830        0.000
   350:       26.000        2.000       16.510        0.000        0.000        0.000        0.000        0.000        1.000        0.000        2.000        0.000        1.940        0.000
   364:       27.000        2.000       24.150        2.000        0.000        0.000        0.000        0.000        1.000        0.000        6.000        0.000        0.630        0.000
   378:       28.000        2.000       20.130        0.000        0.000        0.000        0.000        0.000        1.000        0.000        1.000        0.000        2.170        0.000
   392:       29.000        2.000        0.000        0.000        1.000        0.000        0.000        0.000        0.000        0.000       11.000        0.000        7.380        0.000
   406:       30.000        1.000       43.530        0.000        2.000        0.000        0.000      149.380        1.000        0.000        0.000        0.000        0.000        0.000
   420:       31.000        2.000       15.760        0.000        0.000        0.000        0.000        0.000        1.000        0.000        4.000        0.000       13.990        0.000
   434:       32.000        2.000       11.010        0.000        0.000        0.000        0.000        0.000        1.000        0.000        2.000        0.000        0.540        0.000
   448:       33.000        1.000        2.260        0.000        4.000        0.000        0.000       39.880        1.000        0.000        0.000        0.000        0.000        0.000
   462:       34.000        2.000       22.560        1.000        0.000        0.000        0.000        0.000        1.000        0.000        0.000        0.000        0.000        0.000
   476:       35.000        2.000       11.680        0.000        1.000        0.000        0.000       28.830        1.000        0.000        1.000        0.000       47.980      436.480
   490:       36.000        2.000        9.950        0.000        0.000        0.000        0.000        0.000        1.000        0.000        0.000        0.000        0.000        0.000
   504:       37.000        1.000        3.560        0.000        1.000        0.000        0.000       15.670        1.000        0.000        0.000        0.000        0.000        0.000
   518:       38.000        1.000        0.000        5.000        0.000        0.000        0.000        0.000        0.000        0.000        0.000        1.000        0.000        0.000
   532:       39.000        1.000       45.270        1.000        7.000        0.000        0.000        0.000        1.000        0.000        0.000        0.000        0.000        0.000
   546:       40.000        1.000       11.550        1.000        4.000        0.000        0.000        0.000        1.000        0.000        0.000        0.000        0.000        0.000
   560:       41.000        2.000       26.280        1.000        0.000        0.000        0.000        0.000        1.000        0.000        3.000        0.000      117.690        0.000
   574:       42.000        1.000        1.480        0.000        5.000        0.000        0.000       73.500        1.000        0.000        0.000        0.000        0.000        0.000
   588:       43.000        1.000        4.170        0.000        3.000        0.000        0.000        0.000        1.000        0.000        0.000        0.000        0.000        0.000
   602:       44.000        2.000       25.120        0.000        0.000        0.000        0.000        0.000        1.000        0.000        6.000        0.000       30.530        0.000
   616:       45.000        1.000        5.140        1.000        4.000        0.000        0.000        0.000        1.000        0.000        0.000        0.000        0.000        0.000
   630:       48.000        1.000        0.000        7.000        1.000        0.000        0.000        0.000        0.000        0.000        0.000        1.000        0.000        0.000
   644:       52.000        1.000       60.780        0.000        1.000        0.000        0.000      126.930        1.000        0.000        0.000        0.000        0.000        0.000
K:
     0:        1.000        2.000
T:
     0:       60.790      126.940       88.970      186.890
