File: C:\MED-PC\Data\2017-11-12_17h05m_Subject 175.txt


Start Date: 11/12/17
End Date: 11/12/17
Subject: 175
Experiment: ACI JAX 11.12
Group: 0
Box: 1
Start Time: 17:05:49
End Time: 17:31:47
MSN: Discrimination Tone Training_v3
C:      24.000
D:      25.000
E:       0.000
F:       1.000
G:       2.000
H:       3.000
I:     686.000
J:       0.000
L:       0.000
M:      53.000
N:       1.000
O:       0.000
P:       0.000
Q:       0.000
R:       0.000
S:       0.000
U:       0.000
V:       0.000
W:       0.000
X:       0.000
Y:       0.000
Z:       0.000
A:
     0:     2000.000       75.000       30.000     9000.000       63.000       30.000       10.000        1.000
B:
     0:        1.000        1.000        0.000        0.000        0.000        0.000        0.000        0.000        0.000        0.000        3.000        0.000       11.700        0.000
    14:        2.000        2.000       42.960        0.000        0.000        0.000        0.000        0.000        1.000        0.000        0.000        0.000        0.000        0.000
    28:        3.000        1.000        0.000        0.000        0.000        0.000        0.000        0.000        0.000        0.000        8.000        0.000       15.340        0.000
    42:        4.000        2.000       42.390        0.000        0.000        0.000        0.000        0.000        1.000        0.000        0.000        0.000        0.000        0.000
    56:        5.000        2.000        1.290        0.000        0.000        0.000        0.000        0.000        1.000        0.000        0.000        0.000        0.000        0.000
    70:        6.000        2.000        2.460        0.000        0.000        0.000        0.000        0.000        1.000        0.000        0.000        0.000        0.000        0.000
    84:        7.000        1.000        0.000        0.000        0.000        0.000        0.000        0.000        0.000        0.000        7.000        0.000       41.870        0.000
    98:        8.000        2.000       50.850        0.000        0.000        0.000        0.000        0.000        1.000        0.000        0.000        0.000        0.000        0.000
   112:        9.000        1.000        0.000        0.000        0.000        0.000        0.000        0.000        0.000        0.000        1.000        0.000       31.950        0.000
   126:       10.000        1.000       46.130        0.000        2.000        0.000        0.000      199.970        1.000        0.000        0.000        0.000        0.000        0.000
   140:       11.000        1.000       14.560        0.000        2.000        0.000        0.000        1.640        1.000        0.000        0.000        0.000        0.000        0.000
   154:       12.000        1.000       15.290        0.000        2.000        0.000        0.000        7.570        1.000        0.000        0.000        0.000        0.000        0.000
   168:       13.000        2.000        7.270        1.000        3.000        0.000        0.000        0.000        1.000        0.000        0.000        0.000        0.000        0.000
   182:       14.000        2.000       19.710        0.000        0.000        0.000        0.000        0.000        1.000        0.000        5.000        0.000       90.800        0.000
   196:       15.000        2.000       13.390        0.000        0.000        0.000        0.000        0.000        1.000        0.000        2.000        0.000        6.180        0.000
   210:       16.000        1.000        5.910        0.000        2.000        0.000        0.000       74.400        1.000        0.000        0.000        0.000        0.000        0.000
   224:       17.000        1.000        0.170        0.000        2.000        0.000        0.000        1.510        1.000        0.000        0.000        0.000        0.000        0.000
   238:       18.000        1.000        3.170        0.000        2.000        0.000        0.000        1.410        1.000        0.000        0.000        0.000        0.000        0.000
   252:       19.000        2.000        3.130        0.000        0.000        0.000        0.000        0.000        1.000        0.000        1.000        0.000       42.830        0.000
   266:       20.000        2.000       18.590        1.000        0.000        0.000        0.000        0.000        1.000        0.000        3.000        0.000        8.310        0.000
   280:       21.000        1.000        2.920        0.000        0.000        0.000        0.000        0.000        1.000        0.000        0.000        0.000        0.000        0.000
   294:       22.000        1.000        5.460        0.000        1.000        0.000        0.000       63.050        1.000        0.000        0.000        0.000        0.000        0.000
   308:       23.000        2.000       23.600        0.000        1.000        0.000        0.000        3.310        1.000        0.000        6.000        0.000       31.590        0.000
   322:       24.000        1.000        4.120        1.000        3.000        0.000        0.000        0.000        1.000        0.000        0.000        0.000        0.000        0.000
   336:       25.000        2.000       25.540        0.000        1.000        0.000        0.000       44.550        1.000        0.000        3.000        0.000       35.180        0.000
   350:       26.000        2.000        1.900        0.000        0.000        0.000        0.000        0.000        1.000        0.000        0.000        0.000        0.000        0.000
   364:       27.000        2.000        0.000        1.000        0.000        0.000        0.000        0.000        0.000        0.000        7.000        0.000       14.730        0.000
   378:       28.000        2.000       46.900        0.000        0.000        0.000        0.000        0.000        1.000        0.000        0.000        0.000        0.000        0.000
   392:       29.000        2.000        3.860        0.000        0.000        0.000        0.000        0.000        1.000        0.000        0.000        0.000        0.000        0.000
   406:       30.000        1.000        3.870        0.000        1.000        0.000        0.000       90.410        1.000        0.000        0.000        0.000        0.000        0.000
   420:       31.000        2.000        0.000        0.000        0.000        0.000        0.000        0.000        0.000        0.000        5.000        0.000       53.310        0.000
   434:       32.000        1.000        0.000        0.000        0.000        0.000        0.000        0.000        0.000        0.000        2.000        0.000       14.250        0.000
   448:       33.000        1.000        0.000        0.000        0.000        0.000        0.000        0.000        0.000        0.000        6.000        0.000        7.100        0.000
   462:       34.000        2.000      131.230        0.000        0.000        0.000        0.000        0.000        1.000        0.000        0.000        0.000        0.000        0.000
   476:       35.000        2.000        2.740        0.000        0.000        0.000        0.000        0.000        1.000        0.000        0.000        0.000        0.000        0.000
   490:       36.000        2.000        3.700        0.000        0.000        0.000        0.000        0.000        1.000        0.000        0.000        0.000        0.000        0.000
   504:       37.000        2.000        7.140        0.000        0.000        0.000        0.000        0.000        1.000        0.000        0.000        0.000        0.000        0.000
   518:       38.000        1.000        0.000        0.000        0.000        0.000        0.000        0.000        0.000        0.000        0.000        1.000        0.000        0.000
   532:       39.000        2.000       61.560        0.000        0.000        0.000        0.000        0.000        1.000        0.000        0.000        0.000        0.000        0.000
   546:       40.000        2.000       21.020        0.000        0.000        0.000        0.000        0.000        1.000        0.000        0.000        0.000        0.000        0.000
   560:       41.000        2.000       29.360        0.000        0.000        0.000        0.000        0.000        0.000        1.000        0.000        0.000        0.000        0.000
   574:       42.000        1.000        0.000        2.000        0.000        0.000        0.000        0.000        0.000        0.000        3.000        0.000      225.600        0.000
   588:       43.000        1.000        0.000        0.000        0.000        0.000        0.000        0.000        0.000        0.000        3.000        0.000        7.910        0.000
   602:       44.000        1.000        0.000        0.000        0.000        0.000        0.000        0.000        0.000        0.000        2.000        0.000        7.780        0.000
   616:       45.000        2.000      125.840        0.000        0.000        0.000        0.000        0.000        1.000        0.000        0.000        0.000        0.000        0.000
   630:       47.000        1.000        0.000        0.000        0.000        0.000        0.000        0.000        0.000        0.000        0.000        1.000        0.000        0.000
   644:       48.000        1.000        0.000        0.000        0.000        0.000        0.000        0.000        0.000        0.000        1.000        0.000       84.100        0.000
   658:       49.000        1.000        0.000        0.000        0.000        0.000        0.000        0.000        0.000        0.000        3.000        0.000        0.570        0.000
   672:       53.000        1.000        0.000        0.000        0.000        0.000        0.000        0.000        0.000        0.000        0.000        1.000        0.000        0.000
K:
     0:        1.000        2.000
T:
     0:      166.470      507.060       40.110     1307.780
