File: C:\MED-PC\Data\2017-11-22_10h10m_Subject 414.txt


Start Date: 11/22/17
End Date: 11/22/17
Subject: 414
Experiment: ACI JAX 11.22
Group: 0
Box: 4
Start Time: 10:10:39
End Time: 10:34:52
MSN: Discrimination Tone Training_v3
C:      25.000
D:      25.000
E:       0.000
F:       1.000
G:       2.000
H:       2.000
I:     700.000
J:       0.000
L:       0.000
M:      55.000
N:       1.000
O:       0.000
P:       0.000
Q:       0.000
R:       0.000
S:       0.000
U:       0.000
V:       0.000
W:       0.000
X:       0.000
Y:       0.000
Z:       0.000
A:
     0:     2000.000       75.000       15.000     9000.000       63.000       15.000       10.000        1.000
B:
     0:        1.000        1.000        0.000        0.000        0.000        0.000        0.000        0.000        0.000        0.000        0.000        1.000        0.000        0.000
    14:        2.000        1.000        0.000        0.000        0.000        0.000        0.000        0.000        0.000        0.000        0.000        1.000        0.000        0.000
    28:        3.000        2.000        0.000        0.000        0.000        0.000        0.000        0.000        0.000        0.000        0.000        1.000        0.000        0.000
    42:        4.000        2.000        0.000        2.000        0.000        2.000        0.000        0.000        0.000        0.000        0.000        1.000        0.000        0.000
    56:        5.000        2.000        0.000        3.000        0.000        0.000        0.000        0.000        0.000        0.000        0.000        1.000        0.000        0.000
    70:        6.000        2.000        0.000        0.000        0.000        0.000        0.000        0.000        0.000        0.000        0.000        1.000        0.000        0.000
    84:        7.000        1.000        0.000        0.000        0.000        0.000        0.000        0.000        0.000        0.000        0.000        1.000        0.000        0.000
    98:        8.000        2.000        0.000        0.000        0.000        0.000        0.000        0.000        0.000        0.000        0.000        1.000        0.000        0.000
   112:        9.000        2.000      212.520        0.000        0.000        0.000        0.000        0.000        1.000        0.000        0.000        0.000        0.000        0.000
   126:       10.000        1.000        0.000        0.000        0.000        0.000        0.000        0.000        0.000        0.000        4.000        0.000      223.780        0.000
   140:       11.000        1.000        0.000        0.000        0.000        0.000        0.000        0.000        0.000        0.000        5.000        0.000        0.030        0.000
   154:       12.000        2.000       60.880        0.000        0.000        0.000        2.000        0.000        1.000        0.000        0.000        0.000        0.000        0.000
   168:       13.000        1.000        0.000        0.000        0.000        0.000        0.000        0.000        0.000        0.000        0.000        1.000        0.000        0.000
   182:       14.000        1.000       29.720        0.000        1.000        0.000        0.000      113.510        1.000        0.000        0.000        0.000        0.000        0.000
   196:       15.000        2.000        0.000        0.000        0.000        0.000        0.000        0.000        0.000        0.000        0.000        1.000        0.000        0.000
   210:       16.000        2.000       36.240        0.000        0.000        0.000        0.000        0.000        1.000        0.000        0.000        0.000        0.000        0.000
   224:       17.000        1.000       12.630        0.000        1.000        0.000        0.000       24.660        1.000        0.000        2.000        0.000      112.810        0.000
   238:       18.000        2.000        6.220        0.000        0.000        0.000        0.000        0.000        1.000        0.000        0.000        0.000        0.000        0.000
   252:       19.000        2.000        1.110        0.000        0.000        0.000        0.000        0.000        1.000        0.000        0.000        0.000        0.000        0.000
   266:       20.000        2.000        2.150        0.000        0.000        0.000        0.000        0.000        1.000        0.000        0.000        0.000        0.000        0.000
   280:       21.000        1.000        3.570        0.000        1.000        0.000        0.000       40.940        1.000        0.000        0.000        0.000        0.000        0.000
   294:       22.000        1.000        2.250        0.000        2.000        0.000        0.000        1.160        1.000        0.000        0.000        0.000        0.000        0.000
   308:       23.000        2.000       14.170        0.000        0.000        0.000        0.000        0.000        0.000        1.000        2.000        0.000       70.520        0.000
   322:       24.000        1.000        5.850        0.000        3.000        0.000        0.000       17.670        1.000        0.000        0.000        0.000        0.000        0.000
   336:       25.000        2.000        0.000        0.000        0.000        0.000        0.000        0.000        0.000        0.000        4.000        0.000       17.280        0.000
   350:       26.000        1.000        0.000        0.000        0.000        0.000        0.000        0.000        0.000        0.000        4.000        0.000        3.560        0.000
   364:       27.000        2.000       55.550        0.000        0.000        0.000        0.000        0.000        1.000        0.000        0.000        0.000        0.000        0.000
   378:       28.000        1.000        0.000        0.000        0.000        0.000        0.000        0.000        0.000        0.000        1.000        0.000       16.530        0.000
   392:       29.000        2.000       40.180        0.000        0.000        0.000        0.000        0.000        0.000        1.000        0.000        0.000        0.000        0.000
   406:       30.000        2.000        5.000        0.000        0.000        0.000        0.000        0.000        1.000        0.000        0.000        0.000        0.000        0.000
   420:       31.000        2.000        0.000        0.000        0.000        0.000        0.000        0.000        0.000        0.000        0.000        1.000        0.000        0.000
   434:       32.000        1.000        0.000        0.000        0.000        0.000        0.000        0.000        0.000        0.000        0.000        1.000        0.000        0.000
   448:       33.000        1.000       66.040        0.000        1.000        0.000        0.000      145.840        1.000        0.000        1.000        0.000      105.170      497.280
   462:       34.000        2.000        0.000        0.000        0.000        0.000        0.000        0.000        0.000        0.000        3.000        0.000        0.090        0.000
   476:       35.000        2.000       33.940        0.000        0.000        0.000        0.000        0.000        1.000        0.000        0.000        0.000        0.000        0.000
   490:       36.000        2.000        1.920        0.000        0.000        0.000        0.000        0.000        1.000        0.000        0.000        0.000        0.000        0.000
   504:       37.000        1.000        0.000        0.000        0.000        0.000        0.000        0.000        0.000        0.000        0.000        1.000        0.000        0.000
   518:       38.000        1.000        0.000        0.000        0.000        0.000        0.000        0.000        0.000        0.000        0.000        1.000        0.000        0.000
   532:       39.000        1.000        0.000        0.000        0.000        0.000        0.000        0.000        0.000        0.000        0.000        1.000        0.000        0.000
   546:       40.000        1.000       86.820        0.000        1.000        0.000        0.000      111.890        1.000        0.000        1.000        0.000      117.190      145.740
   560:       41.000        2.000        9.490        0.000        0.000        0.000        0.000        0.000        1.000        0.000        1.000        0.000        1.130        0.000
   574:       42.000        2.000        1.200        0.000        0.000        0.000        0.000        0.000        1.000        0.000        0.000        0.000        0.000        0.000
   588:       43.000        1.000        0.000        0.000        0.000        0.000        0.000        0.000        0.000        0.000        0.000        1.000        0.000        0.000
   602:       44.000        1.000       30.060        1.000        2.000        0.000        0.000        0.000        1.000        0.000        1.000        0.000       38.600       59.820
   616:       45.000        1.000        2.210        0.000        1.000        0.000        0.000       67.780        1.000        0.000        0.000        0.000        0.000        0.000
   630:       46.000        2.000        0.000        0.000        0.000        0.000        0.000        0.000        0.000        0.000        2.000        0.000       16.490        0.000
   644:       47.000        2.000       26.940        0.000        0.000        0.000        0.000        0.000        1.000        0.000        0.000        0.000        0.000        0.000
   658:       48.000        1.000        0.000        0.000        0.000        0.000        0.000        0.000        0.000        0.000        1.000        0.000       24.530        0.000
   672:       49.000        1.000       27.860        0.000        1.000        0.000        0.000       39.890        1.000        0.000        0.000        0.000        0.000        0.000
   686:       55.000        1.000        3.180        0.000        1.000        0.000        0.000        0.860        1.000        0.000        0.000        0.000        0.000        0.000
K:
     0:        1.000        2.000
T:
     0:        3.190        0.870       30.960       91.800
