File: C:\MED-PC\Data\2017-11-15_11h12m_Subject 416.txt


Start Date: 11/15/17
End Date: 11/15/17
Subject: 416
Experiment: ACI JAX 11.15
Group: 0
Box: 1
Start Time: 11:12:53
End Time: 11:31:35
MSN: Discrimination Tone Training_v3
C:      24.000
D:      25.000
E:       0.000
F:       1.000
G:       2.000
H:       2.000
I:     686.000
J:       0.000
L:       0.000
M:      53.000
N:       1.000
O:       0.000
P:       0.000
Q:       0.000
R:       0.000
S:       0.000
U:       0.000
V:       0.000
W:       0.000
X:       0.000
Y:       0.000
Z:       0.000
A:
     0:     2000.000       75.000       30.000     9000.000       63.000       30.000       10.000        1.000
B:
     0:        1.000        1.000       28.830        0.000        1.000        0.000        0.000        7.070        1.000        0.000        3.000        0.000       12.990        0.000
    14:        2.000        1.000        3.740        0.000        1.000        0.000        0.000        1.980        1.000        0.000        2.000        0.000        0.060        0.000
    28:        3.000        1.000        0.490        0.000        0.000        0.000        0.000        0.000        1.000        0.000        0.000        0.000        0.000        0.000
    42:        4.000        1.000        3.180        0.000        0.000        0.000        0.000        0.000        1.000        0.000        0.000        0.000        0.000        0.000
    56:        5.000        2.000        3.320        0.000        0.000        0.000        0.000        0.000        1.000        0.000        0.000        0.000        0.000        0.000
    70:        6.000        2.000       12.120        0.000        0.000        0.000        0.000        0.000        1.000        0.000        6.000        0.000       40.410        0.000
    84:        7.000        1.000        0.650        0.000        3.000        0.000        0.000       64.520        1.000        0.000        0.000        0.000        0.000        0.000
    98:        8.000        1.000       13.900        2.000        3.000        0.000        0.000        0.000        1.000        0.000        2.000        0.000       16.890        0.000
   112:        9.000        2.000       28.260        4.000        3.000        0.000        0.000        0.000        1.000        0.000       13.000        0.000        0.020      143.170
   126:       10.000        2.000       21.380        0.000        0.000        0.000        0.000        0.000        1.000        0.000        8.000        0.000        2.610        0.000
   140:       11.000        2.000        5.150        0.000        0.000        0.000        0.000        0.000        1.000        0.000        0.000        0.000        0.000        0.000
   154:       12.000        2.000       12.580        0.000        0.000        0.000        0.000        0.000        1.000        0.000        3.000        0.000       16.950        0.000
   168:       13.000        1.000        0.430        0.000        1.000        0.000        0.000      129.390        1.000        0.000        0.000        0.000        0.000        0.000
   182:       14.000        2.000       20.560        0.000        2.000        0.000        0.000        0.000        1.000        0.000        5.000        0.000       13.310        0.000
   196:       15.000        1.000       12.830        0.000        1.000        0.000        0.000       28.900        1.000        0.000        0.000        0.000        0.000        0.000
   210:       16.000        2.000       12.770        0.000        0.000        0.000        0.000        0.000        1.000        0.000        5.000        0.000       24.940        0.000
   224:       17.000        2.000       23.330        0.000        0.000        0.000        0.000        0.000        1.000        0.000        9.000        0.000        0.450        0.000
   238:       18.000        1.000        0.660        0.000        3.000        0.000        0.000       47.170        1.000        0.000        0.000        0.000        0.000        0.000
   252:       19.000        2.000       26.860        2.000        2.000        0.000        0.000        0.000        1.000        0.000       16.000        0.000       11.870        0.000
   266:       20.000        1.000        0.370        0.000        5.000        0.000        0.000       12.950        1.000        0.000        0.000        0.000        0.000        0.000
   280:       21.000        2.000        0.000        0.000        0.000        0.000        0.000        0.000        0.000        0.000       10.000        0.000       16.060        0.000
   294:       22.000        2.000       51.370        0.000        0.000        0.000        0.000        0.000        1.000        0.000        2.000        0.000        4.300        0.000
   308:       23.000        1.000       13.770        0.000        0.000        0.000        0.000        0.000        1.000        0.000        1.000        0.000        8.830        0.000
   322:       24.000        1.000        5.970        0.000        0.000        0.000        0.000        0.000        1.000        0.000        1.000        0.000        3.420        0.000
   336:       25.000        2.000        5.740        0.000        0.000        0.000        0.000        0.000        1.000        0.000        1.000        0.000        3.040        0.000
   350:       26.000        2.000        9.640        0.000        0.000        0.000        0.000        0.000        1.000        0.000        0.000        0.000        0.000        0.000
   364:       27.000        1.000        1.220        0.000        4.000        0.000        0.000       92.740        1.000        0.000        0.000        0.000        0.000        0.000
   378:       28.000        1.000       10.800        1.000        3.000        0.000        0.000        0.000        1.000        0.000        0.000        0.000        0.000        0.000
   392:       29.000        1.000        1.780        0.000        1.000        0.000        0.000       13.980        1.000        0.000        0.000        0.000        0.000        0.000
   406:       30.000        1.000        2.110        1.000        6.000        0.000        0.000        0.000        1.000        0.000        0.000        0.000        0.000        0.000
   420:       31.000        2.000        0.000        5.000        0.000        0.000        0.000        0.000        0.000        0.000        9.000        0.000       80.920      459.090
   434:       32.000        1.000       55.160        0.000        4.000        0.000        0.000       67.540        1.000        0.000        3.000        0.000        2.560        0.000
   448:       33.000        2.000        7.950        1.000        0.000        0.000        0.000        0.000        1.000        0.000        3.000        0.000        0.630        0.000
   462:       34.000        1.000        1.580        0.000        3.000        0.000        0.000       13.930        1.000        0.000        0.000        0.000        0.000        0.000
   476:       35.000        1.000        1.390        0.000        1.000        0.000        0.000        1.160        1.000        0.000        0.000        0.000        0.000        0.000
   490:       36.000        1.000        2.240        0.000        1.000        0.000        0.000        1.160        1.000        0.000        1.000        0.000       25.170       69.920
   504:       37.000        2.000       18.530        1.000        0.000        0.000        0.000        0.000        1.000        0.000        7.000        0.000        3.690        0.000
   518:       38.000        2.000        4.860        0.000        0.000        0.000        0.000        0.000        1.000        0.000        2.000        0.000        0.310        0.000
   532:       39.000        2.000       12.590        0.000        0.000        0.000        0.000        0.000        1.000        0.000        3.000        0.000        6.650        0.000
   546:       40.000        1.000       14.000        0.000        9.000        0.000        0.000       65.730        1.000        0.000        3.000        0.000        0.790        0.000
   560:       41.000        2.000       14.700        1.000        0.000        0.000        0.000        0.000        1.000        0.000        6.000        0.000        1.210        0.000
   574:       42.000        2.000       18.750        0.000        0.000        0.000        0.000        0.000        1.000        0.000        0.000        0.000        0.000        0.000
   588:       43.000        2.000        2.070        0.000        1.000        0.000        0.000       52.240        1.000        0.000        0.000        0.000        0.000        0.000
   602:       44.000        1.000        1.430        0.000        7.000        0.000        0.000        0.000        1.000        0.000        0.000        0.000        0.000        0.000
   616:       45.000        2.000       19.800        4.000        0.000        0.000        0.000        0.000        1.000        0.000        3.000        0.000       61.970        0.000
   630:       46.000        2.000       11.100        0.000        0.000        0.000        0.000        0.000        1.000        0.000        1.000        0.000        8.690        0.000
   644:       47.000        2.000        8.400        0.000        0.000        0.000        0.000        0.000        1.000        0.000        1.000        0.000        6.130        0.000
   658:       48.000        1.000       18.020        0.000        2.000        0.000        0.000      102.730        1.000        0.000        1.000        0.000       13.300      263.180
   672:       53.000        1.000        2.620        3.000        3.000        0.000        0.000        0.000        1.000        0.000        0.000        0.000        0.000        0.000
K:
     0:        1.000        2.000
T:
     0:        2.630       10.010       12.640      263.190
