File: C:\MED-PC\Data\2017-11-12_15h12m_Subject 172.txt


Start Date: 11/12/17
End Date: 11/12/17
Subject: 172
Experiment: ACI JAX 11.12
Group: 0
Box: 3
Start Time: 15:12:54
End Time: 15:42:17
MSN: Discrimination Tone Training_v3
C:      25.000
D:      25.000
E:       0.000
F:       1.000
G:       2.000
H:       2.000
I:     700.000
J:       0.000
L:       0.000
M:      52.000
N:       2.000
O:       0.000
P:       0.000
Q:       0.000
R:       0.000
S:       0.000
U:       0.000
V:       0.000
W:       0.000
X:       0.000
Y:       0.000
Z:       0.000
A:
     0:     2000.000       75.000       30.000     9000.000       63.000       30.000       10.000        1.000
B:
     0:        1.000        2.000       14.960        1.000        1.000        0.000        0.000        0.000        1.000        0.000        0.000        0.000        0.000        0.000
    14:        2.000        2.000        6.210        0.000        0.000        0.000        0.000        0.000        1.000        0.000        0.000        0.000        0.000        0.000
    28:        3.000        1.000        0.000        0.000        0.000        0.000        0.000        0.000        0.000        0.000        3.000        0.000       47.490        0.000
    42:        4.000        1.000       67.550        3.000        9.000        0.000        0.000        0.000        1.000        0.000        2.000        0.000        3.780       41.390
    56:        5.000        2.000       23.640        0.000        1.000        0.000        0.000      140.340        1.000        0.000        0.000        0.000        0.000        0.000
    70:        6.000        2.000       29.700        1.000        0.000        0.000        0.000        0.000        0.000        1.000        3.000        0.000       39.820        0.000
    84:        7.000        2.000        4.830        0.000        0.000        0.000        0.000        0.000        1.000        0.000        0.000        0.000        0.000        0.000
    98:        8.000        1.000        0.000        0.000        0.000        0.000        0.000        0.000        0.000        0.000        1.000        0.000       27.730        0.000
   112:        9.000        1.000       50.320        3.000        1.000        0.000        0.000        0.000        1.000        0.000        0.000        0.000        0.000        0.000
   126:       10.000        2.000        0.000        0.000        0.000        0.000        0.000        0.000        0.000        0.000        1.000        0.000       25.280        0.000
   140:       11.000        2.000       55.630        0.000        0.000        0.000        0.000        0.000        1.000        0.000        0.000        0.000        0.000        0.000
   154:       12.000        1.000        0.000        0.000        0.000        0.000        0.000        0.000        0.000        0.000        0.000        1.000        0.000        0.000
   168:       13.000        1.000       53.210        0.000        3.000        0.000        0.000      209.260        1.000        0.000        0.000        0.000        0.000        0.000
   182:       14.000        2.000       11.190        1.000        0.000        0.000        0.000        0.000        1.000        0.000        0.000        0.000        0.000        0.000
   196:       15.000        1.000       15.380        2.000        3.000        0.000        0.000        0.000        1.000        0.000        2.000        0.000      120.920        0.000
   210:       16.000        1.000       14.450        1.000        2.000        0.000        0.000        0.000        1.000        0.000        0.000        0.000        0.000        0.000
   224:       17.000        2.000       17.290        0.000        0.000        0.000        0.000        0.000        1.000        0.000        4.000        0.000       30.400        0.000
   238:       18.000        1.000        3.140        0.000        3.000        0.000        0.000       95.660        1.000        0.000        0.000        0.000        0.000        0.000
   252:       19.000        2.000       14.410        1.000        0.000        0.000        0.000        0.000        1.000        0.000        2.000        0.000       18.530        0.000
   266:       20.000        1.000        7.300        0.000        3.000        0.000        0.000       23.480        1.000        0.000        1.000        0.000        3.430      398.180
   280:       21.000        2.000       12.900        2.000        0.000        0.000        0.000        0.000        1.000        0.000        4.000        0.000        3.430        0.000
   294:       22.000        2.000       22.060        0.000        0.000        0.000        0.000        0.000        1.000        0.000        5.000        0.000        0.400        0.000
   308:       23.000        1.000        0.630        0.000        4.000        0.000        0.000       46.390        1.000        0.000        0.000        0.000        0.000        0.000
   322:       24.000        1.000        3.430        0.000        1.000        0.000        0.000        0.990        1.000        0.000        0.000        0.000        0.000        0.000
   336:       25.000        2.000        0.000        1.000        0.000        0.000        0.000        0.000        0.000        0.000        6.000        0.000       36.910        0.000
   350:       26.000        1.000        0.000        0.000        0.000        0.000        0.000        0.000        0.000        0.000        1.000        0.000       16.760        0.000
   364:       27.000        1.000       88.430        0.000        2.000        0.000        0.000        1.500        1.000        0.000        0.000        0.000        0.000        0.000
   378:       28.000        1.000        0.000        2.000        0.000        0.000        0.000        0.000        0.000        0.000        1.000        0.000       39.220        0.000
   392:       29.000        2.000       51.630        0.000        0.000        0.000        0.000        0.000        1.000        0.000        1.000        0.000        4.650        0.000
   406:       30.000        2.000        0.000        2.000        0.000        0.000        0.000        0.000        0.000        0.000        0.000        1.000        0.000        0.000
   420:       31.000        1.000        0.000        0.000        0.000        0.000        0.000        0.000        0.000        0.000        0.000        1.000        0.000        0.000
   434:       32.000        2.000       88.020        0.000        0.000        0.000        0.000        0.000        1.000        0.000        0.000        0.000        0.000        0.000
   448:       33.000        1.000        4.370        0.000        2.000        0.000        0.000      115.530        1.000        0.000        0.000        0.000        0.000        0.000
   462:       34.000        1.000       12.170        1.000        6.000        0.000        0.000        0.000        1.000        0.000        0.000        0.000        0.000        0.000
   476:       35.000        2.000       10.660        1.000        2.000        0.000        0.000        0.000        1.000        0.000        0.000        0.000        0.000        0.000
   490:       36.000        1.000        1.400        0.000        4.000        0.000        0.000       36.870        1.000        0.000        0.000        0.000        0.000        0.000
   504:       37.000        2.000       26.070        3.000        1.000        0.000        0.000        0.000        1.000        0.000        5.000        0.000      179.720        0.000
   518:       38.000        1.000        3.730        0.000        3.000        0.000        0.000       15.420        1.000        0.000        0.000        0.000        0.000        0.000
   532:       39.000        2.000       16.740        1.000        0.000        0.000        0.000        0.000        1.000        0.000        2.000        0.000       22.880        0.000
   546:       40.000        1.000        4.580        0.000        0.000        0.000        0.000        0.000        1.000        0.000        0.000        0.000        0.000        0.000
   560:       41.000        2.000        0.000        1.000        0.000        0.000        0.000        0.000        0.000        0.000        4.000        0.000       18.230      515.070
   574:       42.000        2.000       45.370        0.000        0.000        0.000        0.000        0.000        1.000        0.000        0.000        0.000        0.000        0.000
   588:       43.000        1.000        0.460        0.000        2.000        0.000        0.000       84.920        1.000        0.000        0.000        0.000        0.000        0.000
   602:       44.000        2.000       14.680        0.000        0.000        0.000        0.000        0.000        1.000        0.000        1.000        0.000       28.470        0.000
   616:       45.000        2.000       23.670        0.000        0.000        0.000        0.000        0.000        1.000        0.000        0.000        0.000        0.000        0.000
   630:       46.000        1.000        0.000        0.000        0.000        0.000        0.000        0.000        0.000        0.000        0.000        1.000        0.000        0.000
   644:       47.000        2.000       58.330        0.000        0.000        0.000        0.000        0.000        1.000        0.000        1.000        0.000       87.540        0.000
   658:       48.000        1.000       10.840        0.000        3.000        0.000        0.000      126.910        1.000        0.000        1.000        0.000        4.710      139.890
   672:       49.000        1.000       28.670        4.000        4.000        0.000        0.000        0.000        1.000        0.000        0.000        0.000        0.000        0.000
   686:       52.000        2.000       24.890        2.000        0.000        0.000        0.000        0.000        1.000        0.000        1.000        0.000       54.870        0.000
K:
     0:        1.000        2.000
T:
     0:       24.900       47.930       54.880       21.730
