File: C:\MED-PC\Data\2017-11-16_11h09m_Subject 172.txt


Start Date: 11/16/17
End Date: 11/16/17
Subject: 172
Experiment: ACI JAX 11.16
Group: 0
Box: 3
Start Time: 11:09:19
End Time: 11:33:54
MSN: Discrimination Tone Training_v3
C:      25.000
D:      25.000
E:       0.000
F:       1.000
G:       2.000
H:       3.000
I:     700.000
J:       0.000
L:       0.000
M:      50.000
N:       2.000
O:       0.000
P:       0.000
Q:       0.000
R:       0.000
S:       0.000
U:       0.000
V:       0.000
W:       0.000
X:       0.000
Y:       0.000
Z:       0.000
A:
     0:     2000.000       75.000       30.000     9000.000       63.000       30.000       10.000        1.000
B:
     0:        1.000        2.000        4.780        1.000        0.000        0.000        0.000        0.000        1.000        0.000        0.000        0.000        0.000        0.000
    14:        2.000        1.000        0.000        2.000        0.000        0.000        0.000        0.000        0.000        0.000        3.000        0.000       21.560        0.000
    28:        3.000        1.000        0.000        3.000        0.000        0.000        0.000        0.000        0.000        0.000        1.000        0.000       28.970        0.000
    42:        4.000        2.000        0.000        0.000        0.000        0.000        0.000        0.000        0.000        0.000        0.000        1.000        0.000        0.000
    56:        5.000        1.000        0.000        3.000        0.000        0.000        0.000        0.000        0.000        0.000        2.000        0.000       64.700        0.000
    70:        6.000        2.000      181.270        0.000        0.000        0.000        0.000        0.000        1.000        0.000        0.000        0.000        0.000        0.000
    84:        7.000        1.000       26.130        3.000        3.000        0.000        0.000        0.000        1.000        0.000        3.000        0.000       31.290      191.090
    98:        8.000        1.000       28.800        4.000        2.000        0.000        0.000        0.000        1.000        0.000        4.000        0.000       21.130        0.000
   112:        9.000        1.000       16.660        2.000        3.000        0.000        0.000        0.000        1.000        0.000        0.000        0.000        0.000        0.000
   126:       10.000        1.000        8.710        0.000        2.000        0.000        0.000      317.550        1.000        0.000        0.000        0.000        0.000        0.000
   140:       11.000        2.000        4.070        0.000        0.000        0.000        0.000        0.000        1.000        0.000        0.000        0.000        0.000        0.000
   154:       12.000        1.000        2.040        0.000        1.000        0.000        0.000       20.490        1.000        0.000        0.000        0.000        0.000        0.000
   168:       13.000        1.000        0.000        4.000        0.000        2.000        0.000        0.000        0.000        0.000        0.000        1.000        0.000        0.000
   182:       14.000        1.000       41.470        0.000        3.000        0.000        0.000        0.880        1.000        0.000        0.000        0.000        0.000        0.000
   196:       15.000        2.000        6.500        0.000        0.000        0.000        0.000        0.000        1.000        0.000        0.000        0.000        0.000        0.000
   210:       16.000        1.000        8.590        0.000        1.000        0.000        0.000       20.780        1.000        0.000        0.000        0.000        0.000        0.000
   224:       17.000        2.000       11.800        0.000        0.000        0.000        0.000        0.000        1.000        0.000        0.000        0.000        0.000        0.000
   238:       18.000        2.000        3.150        0.000        0.000        0.000        0.000        0.000        1.000        0.000        0.000        0.000        0.000        0.000
   252:       19.000        2.000        4.160        0.000        0.000        0.000        0.000        0.000        1.000        0.000        0.000        0.000        0.000        0.000
   266:       20.000        1.000        0.000        0.000        0.000        0.000        0.000        0.000        0.000        0.000        1.000        0.000      242.360        0.000
   280:       21.000        2.000       47.050        0.000        5.000        0.000        0.000       90.240        1.000        0.000        1.000        0.000        3.230      285.990
   294:       22.000        1.000        0.580        0.000        3.000        0.000        0.000        1.070        1.000        0.000        0.000        0.000        0.000        0.000
   308:       23.000        1.000       25.750        3.000        1.000        0.000        0.000        0.000        1.000        0.000        0.000        0.000        0.000        0.000
   322:       24.000        1.000        5.840        2.000        3.000        0.000        0.000        0.000        1.000        0.000        0.000        0.000        0.000        0.000
   336:       25.000        1.000        9.240        1.000        2.000        0.000        0.000        0.000        1.000        0.000        0.000        0.000        0.000        0.000
   350:       26.000        2.000       29.530        1.000        0.000        0.000        0.000        0.000        0.000        1.000        3.000        0.000       88.610        0.000
   364:       27.000        2.000        0.000        0.000        0.000        0.000        0.000        0.000        0.000        0.000        0.000        1.000        0.000        0.000
   378:       28.000        1.000       61.790        0.000        3.000        0.000        0.000      151.940        1.000        0.000        2.000        0.000       48.690        0.000
   392:       29.000        2.000        9.550        0.000        0.000        0.000        0.000        0.000        1.000        0.000        0.000        0.000        0.000        0.000
   406:       30.000        1.000       18.160        0.000        2.000        0.000        0.000       30.410        1.000        0.000        1.000        0.000       30.390      150.260
   420:       31.000        1.000       13.380        1.000        4.000        0.000        0.000        0.000        1.000        0.000        0.000        0.000        0.000        0.000
   434:       32.000        1.000       23.970        4.000        3.000        0.000        0.000        0.000        1.000        0.000        0.000        0.000        0.000        0.000
   448:       33.000        2.000        6.040        1.000        0.000        0.000        0.000        0.000        1.000        0.000        0.000        0.000        0.000        0.000
   462:       34.000        1.000       22.740        0.000        4.000        0.000        0.000       87.410        1.000        0.000        0.000        0.000        0.000        0.000
   476:       35.000        2.000       12.380        2.000        0.000        0.000        0.000        0.000        1.000        0.000        0.000        0.000        0.000        0.000
   490:       36.000        1.000       20.010        0.000        4.000        0.000        0.000       34.150        1.000        0.000        0.000        0.000        0.000        0.000
   504:       37.000        2.000        5.960        0.000        1.000        0.000        0.000        0.000        1.000        0.000        1.000        0.000      167.060        0.000
   518:       38.000        2.000        0.000        0.000        0.000        0.000        0.000        0.000        0.000        0.000        0.000        1.000        0.000        0.000
   532:       39.000        2.000        0.000        0.000        0.000        0.000        0.000        0.000        0.000        0.000        0.000        1.000        0.000        0.000
   546:       40.000        2.000      102.160        0.000        0.000        0.000        0.000        0.000        1.000        0.000        0.000        0.000        0.000        0.000
   560:       41.000        2.000       13.750        0.000        0.000        0.000        0.000        0.000        1.000        0.000        0.000        0.000        0.000        0.000
   574:       42.000        1.000       16.790        0.000        2.000        0.000        0.000      171.970        1.000        0.000        0.000        0.000        0.000        0.000
   588:       43.000        2.000        7.650        0.000        0.000        0.000        0.000        0.000        1.000        0.000        0.000        0.000        0.000        0.000
   602:       44.000        2.000        3.960        0.000        0.000        0.000        0.000        0.000        1.000        0.000        0.000        0.000        0.000        0.000
   616:       45.000        2.000        0.000        0.000        0.000        0.000        0.000        0.000        0.000        0.000        0.000        1.000        0.000        0.000
   630:       46.000        1.000       44.830        0.000        4.000        0.000        0.000       72.080        1.000        0.000        0.000        0.000        0.000        0.000
   644:       47.000        2.000        7.710        1.000        0.000        0.000        0.000        0.000        1.000        0.000        1.000        0.000      259.270        0.000
   658:       48.000        2.000        0.000        0.000        0.000        0.000        0.000        0.000        0.000        0.000        0.000        1.000        0.000        0.000
   672:       49.000        1.000       48.100        0.000        6.000        0.000        0.000       60.280        1.000        0.000        0.000        0.000        0.000        0.000
   686:       50.000        2.000        0.000        2.000        0.000        0.000        0.000        0.000        0.000        0.000        0.000        1.000        0.000        0.000
K:
     0:        1.000        2.000
T:
     0:       40.110       60.290       99.240      387.920
