File: C:\MED-PC\Data\2017-11-29_10h48m_Subject 414.txt


Start Date: 11/29/17
End Date: 11/29/17
Subject: 414
Experiment: ACI JAX 11.29
Group: 0
Box: 4
Start Time: 10:48:27
End Time: 11:07:12
MSN: Discrimination Tone Training_v3
C:      25.000
D:      25.000
E:       0.000
F:       1.000
G:       2.000
H:       3.000
I:     700.000
J:       0.000
L:       0.000
M:      50.000
N:       2.000
O:       0.000
P:       0.000
Q:       0.000
R:       0.000
S:       0.000
U:       0.000
V:       0.000
W:       0.000
X:       0.000
Y:       0.000
Z:       0.000
A:
     0:     2000.000       75.000       10.000     9000.000       63.000       10.000       10.000        1.000
B:
     0:        1.000        2.000        0.000        0.000        0.000        0.000        0.000        0.000        0.000        0.000        0.000        1.000        0.000        0.000
    14:        2.000        2.000       23.000        0.000        0.000        0.000        0.000        0.000        1.000        0.000        0.000        0.000        0.000        0.000
    28:        3.000        2.000        1.250        0.000        0.000        0.000        0.000        0.000        1.000        0.000        0.000        0.000        0.000        0.000
    42:        4.000        1.000        0.000        0.000        0.000        0.000        0.000        0.000        0.000        0.000        1.000        0.000       51.070        0.000
    56:        5.000        2.000       25.670        0.000        0.000        0.000        0.000        0.000        1.000        0.000        0.000        0.000        0.000        0.000
    70:        6.000        1.000        0.000       15.000        0.000        0.000        0.000        0.000        0.000        0.000        0.000        1.000        0.000        0.000
    84:        7.000        2.000       25.650        0.000        0.000        0.000        0.000        0.000        1.000        0.000        0.000        0.000        0.000        0.000
    98:        8.000        2.000        3.150        0.000        0.000        0.000        0.000        0.000        1.000        0.000        0.000        0.000        0.000        0.000
   112:        9.000        2.000        0.000        0.000        0.000        0.000        0.000        0.000        0.000        0.000        0.000        1.000        0.000        0.000
   126:       10.000        2.000       25.360        0.000        7.000        0.000        0.000      143.150        1.000        0.000        0.000        0.000        0.000        0.000
   140:       11.000        1.000        0.000        0.000        0.000        0.000        0.000        0.000        0.000        0.000        1.000        0.000      106.320        0.000
   154:       12.000        1.000       28.410        2.000        3.000        0.000        0.000        0.000        1.000        0.000        0.000        0.000        0.000        0.000
   168:       13.000        2.000        6.020        0.000        0.000        0.000        0.000        0.000        1.000        0.000        1.000        0.000       20.480        0.000
   182:       14.000        2.000        2.190        0.000        0.000        0.000        0.000        0.000        1.000        0.000        0.000        0.000        0.000        0.000
   196:       15.000        1.000        5.180        0.000        1.000        0.000        0.000       47.200        1.000        0.000        1.000        0.000       13.850      194.800
   210:       16.000        2.000        6.430        0.000        0.000        0.000        0.000        0.000        1.000        0.000        2.000        0.000        0.610        0.000
   224:       17.000        1.000        1.610        0.000        1.000        0.000        0.000       13.490        1.000        0.000        0.000        0.000        0.000        0.000
   238:       18.000        1.000        3.310        1.000        2.000        0.000        0.000        0.000        1.000        0.000        0.000        0.000        0.000        0.000
   252:       19.000        1.000        0.530        0.000        1.000        0.000        0.000       12.360        1.000        0.000        0.000        0.000        0.000        0.000
   266:       20.000        2.000        6.610        0.000        0.000        0.000        0.000        0.000        1.000        0.000        2.000        0.000       41.590        0.000
   280:       21.000        1.000        9.020        0.000        1.000        0.000        0.000       20.780        1.000        0.000        2.000        0.000        4.970        0.000
   294:       22.000        1.000        2.140        1.000        2.000        0.000        0.000        0.000        1.000        0.000        0.000        0.000        0.000        0.000
   308:       23.000        1.000        2.240        0.000        1.000        0.000        0.000       14.010        1.000        0.000        0.000        0.000        0.000        0.000
   322:       24.000        2.000        6.430        0.000        0.000        0.000        0.000        0.000        1.000        0.000        1.000        0.000       26.810        0.000
   336:       25.000        1.000        0.000        0.000        0.000        1.000        0.000        0.000        0.000        0.000        0.000        1.000        0.000        0.000
   350:       26.000        1.000       21.160        0.000        1.000        0.000        0.000       32.890        1.000        0.000        0.000        0.000        0.000        0.000
   364:       27.000        1.000        0.040        0.000        5.000        0.000        0.000        0.940        1.000        0.000        0.000        0.000        0.000        0.000
   378:       28.000        1.000        0.530        0.000        1.000        0.000        0.000        0.840        1.000        0.000        0.000        0.000        0.000        0.000
   392:       29.000        2.000        4.500        0.000        0.000        0.000        0.000        0.000        1.000        0.000        0.000        0.000        0.000        0.000
   406:       30.000        2.000        0.130        0.000        0.000        0.000        0.000        0.000        1.000        0.000        0.000        0.000        0.000        0.000
   420:       31.000        2.000        4.190        0.000        0.000        0.000        0.000        0.000        1.000        0.000        0.000        0.000        0.000        0.000
   434:       32.000        1.000        1.800        0.000        3.000        0.000        0.000       39.910        1.000        0.000        0.000        0.000        0.000        0.000
   448:       33.000        1.000        4.000        0.000        1.000        0.000        0.000        0.760        1.000        0.000        0.000        0.000        0.000        0.000
   462:       34.000        2.000        2.900        0.000        0.000        0.000        0.000        0.000        1.000        0.000        0.000        0.000        0.000        0.000
   476:       35.000        2.000        8.740        0.000        0.000        0.000        0.000        0.000        1.000        0.000        0.000        0.000        0.000        0.000
   490:       36.000        1.000        3.190        0.000        1.000        0.000        0.000       34.820        1.000        0.000        0.000        0.000        0.000        0.000
   504:       37.000        1.000        0.510        0.000        1.000        0.000        0.000        0.860        1.000        0.000        0.000        0.000        0.000        0.000
   518:       38.000        2.000        9.320        0.000        0.000        0.000        0.000        0.000        0.000        1.000        0.000        0.000        0.000        0.000
   532:       39.000        2.000        0.000        0.000        0.000        0.000        1.000        0.000        0.000        0.000        1.000        0.000      206.070      358.320
   546:       40.000        2.000        0.000        0.000        0.000        0.000        1.000        0.000        0.000        0.000        2.000        0.000        0.890        0.000
   560:       41.000        1.000       47.500        0.000        1.000        0.000        0.000       59.240        1.000        0.000        1.000        0.000        2.340       26.190
   574:       42.000        2.000        0.000        0.000        0.000        0.000        0.000        0.000        0.000        0.000        1.000        0.000        1.940        0.000
   588:       43.000        1.000        0.000        0.000        0.000        0.000        0.000        0.000        0.000        0.000        0.000        1.000        0.000        0.000
   602:       44.000        2.000       49.760        0.000        0.000        0.000        0.000        0.000        1.000        0.000        1.000        0.000       21.650        0.000
   616:       45.000        1.000        0.000        0.000        0.000        0.000        0.000        0.000        0.000        0.000        0.000        1.000        0.000        0.000
   630:       46.000        1.000        0.000        0.000        0.000        0.000        0.000        0.000        0.000        0.000        0.000        1.000        0.000        0.000
   644:       47.000        2.000       49.790        0.000        0.000        0.000        0.000        0.000        1.000        0.000        0.000        0.000        0.000        0.000
   658:       48.000        1.000        0.000        0.000        0.000        0.000        0.000        0.000        0.000        0.000        0.000        1.000        0.000        0.000
   672:       49.000        1.000        0.000        0.000        0.000        0.000        0.000        0.000        0.000        0.000        0.000        1.000        0.000        0.000
   686:       50.000        2.000        0.000        0.000        0.000        0.000        0.000        0.000        0.000        0.000        0.000        1.000        0.000        0.000
K:
     0:        1.000        2.000
T:
     0:       62.380      134.220      123.200      182.040
