File: C:\MED-PC\Data\2017-11-23_10h37m_Subject 423.txt


Start Date: 11/23/17
End Date: 11/23/17
Subject: 423
Experiment: 
Group: 
Box: 4
Start Time: 10:37:26
End Time: 10:55:50
MSN: Discrimination Tone Training_v3
C:      23.000
D:      25.000
E:       0.000
F:       1.000
G:       2.000
H:       3.000
I:     672.000
J:       0.000
L:       0.000
M:      52.000
N:       1.000
O:       0.000
P:       0.000
Q:       0.000
R:       0.000
S:       0.000
U:       0.000
V:       0.000
W:       0.000
X:       0.000
Y:       0.000
Z:       0.000
A:
     0:     2000.000       75.000       15.000     9000.000       63.000       15.000       10.000        1.000
B:
     0:        1.000        2.000        0.000        0.000        0.000        0.000        0.000        0.000        0.000        0.000        0.000        1.000        0.000        0.000
    14:        2.000        2.000       30.010        0.000        0.000        0.000        0.000        0.000        1.000        0.000        0.000        0.000        0.000        0.000
    28:        3.000        2.000        5.630        0.000        0.000        0.000        0.000        0.000        1.000        0.000        0.000        0.000        0.000        0.000
    42:        4.000        1.000        0.000        0.000        0.000        0.000        0.000        0.000        0.000        0.000        0.000        1.000        0.000        0.000
    56:        5.000        1.000        0.000        0.000        0.000        0.000        0.000        0.000        0.000        0.000        0.000        1.000        0.000        0.000
    70:        6.000        1.000        0.000        0.000        0.000        0.000        0.000        0.000        0.000        0.000        0.000        1.000        0.000        0.000
    84:        7.000        2.000       81.030        0.000        0.000        0.000        0.000        0.000        1.000        0.000        0.000        0.000        0.000        0.000
    98:        8.000        1.000        0.000        0.000        0.000        0.000        0.000        0.000        0.000        0.000        0.000        1.000        0.000        0.000
   112:        9.000        2.000       34.050        0.000        0.000        0.000        0.000        0.000        1.000        0.000        0.000        0.000        0.000        0.000
   126:       10.000        1.000        0.000        0.000        0.000        0.000        0.000        0.000        0.000        0.000        2.000        0.000      203.800        0.000
   140:       11.000        2.000       32.380        1.000        0.000        0.000        0.000        0.000        1.000        0.000        1.000        0.000        3.170        0.000
   154:       12.000        2.000        4.530        0.000        3.000        0.000        0.000      220.450        1.000        0.000        0.000        0.000        0.000        0.000
   168:       13.000        1.000        3.460        0.000        1.000        0.000        0.000        1.000        1.000        0.000        0.000        0.000        0.000        0.000
   182:       14.000        1.000       12.960        0.000        1.000        0.000        0.000        1.440        1.000        0.000        1.000        0.000       38.670       78.900
   196:       15.000        2.000        5.670        0.000        0.000        0.000        0.000        0.000        1.000        0.000        0.000        0.000        0.000        0.000
   210:       16.000        2.000        3.020        0.000        0.000        0.000        0.000        0.000        1.000        0.000        0.000        0.000        0.000        0.000
   224:       17.000        2.000        0.000        0.000        0.000        0.000        0.000        0.000        0.000        0.000        0.000        1.000        0.000        0.000
   238:       18.000        1.000       37.360        0.000        1.000        0.000        0.000       63.470        1.000        0.000        2.000        0.000       64.280        0.000
   252:       19.000        1.000        0.000        0.000        0.000        0.000        0.000        0.000        0.000        0.000        0.000        1.000        0.000        0.000
   266:       20.000        2.000       29.200        0.000        0.000        0.000        0.000        0.000        1.000        0.000        0.000        0.000        0.000        0.000
   280:       21.000        1.000       13.440        0.000        2.000        0.000        0.000       25.480        1.000        0.000        1.000        0.000       49.500       69.540
   294:       22.000        2.000       12.470        0.000        0.000        0.000        0.000        0.000        1.000        0.000        0.000        0.000        0.000        0.000
   308:       23.000        2.000        6.250        0.000        0.000        0.000        0.000        0.000        1.000        0.000        0.000        0.000        0.000        0.000
   322:       24.000        2.000        0.150        0.000        0.000        0.000        0.000        0.000        1.000        0.000        0.000        0.000        0.000        0.000
   336:       25.000        1.000        4.120        0.000        2.000        0.000        0.000       44.700        1.000        0.000        0.000        0.000        0.000        0.000
   350:       26.000        1.000        0.000        0.000        0.000        0.000        0.000        0.000        0.000        0.000        0.000        1.000        0.000        0.000
   364:       27.000        2.000       29.970        0.000        0.000        0.000        0.000        0.000        1.000        0.000        0.000        0.000        0.000        0.000
   378:       28.000        1.000        9.920        0.000        4.000        0.000        0.000       21.930        1.000        0.000        0.000        0.000        0.000        0.000
   392:       29.000        2.000       10.180        0.000        1.000        0.000        0.000        6.150        1.000        0.000        0.000        0.000        0.000        0.000
   406:       30.000        2.000        6.670        0.000        0.000        0.000        0.000        0.000        1.000        0.000        0.000        0.000        0.000        0.000
   420:       31.000        2.000        5.710        0.000        0.000        0.000        0.000        0.000        1.000        0.000        0.000        0.000        0.000        0.000
   434:       32.000        2.000        2.290        0.000        0.000        0.000        0.000        0.000        1.000        0.000        0.000        0.000        0.000        0.000
   448:       33.000        1.000        0.100        0.000        1.000        0.000        0.000       42.250        1.000        0.000        0.000        0.000        0.000        0.000
   462:       34.000        2.000       12.330        1.000        0.000        0.000        0.000        0.000        1.000        0.000        0.000        0.000        0.000        0.000
   476:       35.000        1.000        1.940        0.000        2.000        0.000        0.000       14.010        1.000        0.000        0.000        0.000        0.000        0.000
   490:       36.000        1.000        0.000        0.000        0.000        0.000        0.000        0.000        0.000        0.000        0.000        1.000        0.000        0.000
   504:       37.000        2.000       30.630        0.000        0.000        0.000        0.000        0.000        1.000        0.000        0.000        0.000        0.000        0.000
   518:       38.000        1.000        1.140        0.000        1.000        0.000        0.000       13.170        1.000        0.000        0.000        0.000        0.000        0.000
   532:       39.000        2.000       12.300        0.000        0.000        0.000        0.000        0.000        1.000        0.000        0.000        0.000        0.000        0.000
   546:       40.000        1.000        0.120        0.000        1.000        0.000        0.000       12.660        1.000        0.000        0.000        0.000        0.000        0.000
   560:       41.000        1.000        0.000        0.000        0.000        0.000        0.000        0.000        0.000        0.000        0.000        1.000        0.000        0.000
   574:       42.000        2.000       35.400        0.000        0.000        0.000        0.000        0.000        1.000        0.000        1.000        0.000      360.310        0.000
   588:       43.000        2.000        8.170        0.000        0.000        0.000        0.000        0.000        1.000        0.000        1.000        0.000        0.670        0.000
   602:       44.000        1.000        0.830        0.000        1.000        0.000        0.000       32.600        1.000        0.000        0.000        0.000        0.000        0.000
   616:       45.000        1.000        0.000        0.000        0.000        1.000        0.000        0.000        0.000        0.000        0.000        1.000        0.000        0.000
   630:       46.000        2.000       38.840        0.000        0.000        0.000        0.000        0.000        1.000        0.000        1.000        0.000       38.610        0.000
   644:       48.000        1.000        1.020        0.000        1.000        0.000        0.000       14.180        1.000        0.000        0.000        0.000        0.000        0.000
   658:       52.000        1.000        0.000        0.000        0.000        0.000        0.000        0.000        0.000        0.000        0.000        1.000        0.000        0.000
K:
     0:        1.000        2.000
T:
     0:       25.120       14.190       40.170      142.010
