File: C:\MED-PC\Data\2017-11-22_10h10m_Subject 416.txt


Start Date: 11/22/17
End Date: 11/22/17
Subject: 416
Experiment: ACI JAX 11.22
Group: 0
Box: 1
Start Time: 10:10:03
End Time: 10:28:35
MSN: Discrimination Tone Training_v3
C:      21.000
D:      25.000
E:       0.000
F:       1.000
G:       2.000
H:       2.000
I:     644.000
J:       0.000
L:       0.000
M:      51.000
N:       1.000
O:       0.000
P:       0.000
Q:       0.000
R:       0.000
S:       0.000
U:       0.000
V:       0.000
W:       0.000
X:       0.000
Y:       0.000
Z:       0.000
A:
     0:     2000.000       75.000       15.000     9000.000       63.000       15.000       10.000        1.000
B:
     0:        1.000        1.000        0.000        0.000        0.000        0.000        0.000        0.000        0.000        0.000        0.000        1.000        0.000        0.000
    14:        2.000        2.000       35.920        0.000        0.000        0.000        0.000        0.000        1.000        0.000        0.000        0.000        0.000        0.000
    28:        3.000        2.000        3.290        0.000        0.000        0.000        0.000        0.000        1.000        0.000        0.000        0.000        0.000        0.000
    42:        4.000        2.000        0.260        0.000        0.000        0.000        0.000        0.000        1.000        0.000        0.000        0.000        0.000        0.000
    56:        5.000        2.000        6.090        0.000        0.000        0.000        0.000        0.000        1.000        0.000        0.000        0.000        0.000        0.000
    70:        6.000        1.000        9.720        2.000        1.000        0.000        0.000        0.000        1.000        0.000        0.000        0.000        0.000        0.000
    84:        7.000        1.000        0.000        0.000        0.000        0.000        1.000        0.000        0.000        0.000        2.000        0.000      114.340        0.000
    98:        8.000        2.000        0.000        0.000        0.000        0.000        0.000        0.000        0.000        0.000        0.000        1.000        0.000        0.000
   112:        9.000        2.000       59.630        0.000        0.000        0.000        0.000        0.000        1.000        0.000        0.000        0.000        0.000        0.000
   126:       10.000        2.000        1.110        0.000        1.000        0.000        0.000      154.980        1.000        0.000        0.000        0.000        0.000        0.000
   140:       11.000        1.000        0.200        0.000        3.000        0.000        0.000        1.350        1.000        0.000        0.000        0.000        0.000        0.000
   154:       12.000        1.000        1.240        0.000        1.000        0.000        0.000        1.110        1.000        0.000        0.000        0.000        0.000        0.000
   168:       13.000        2.000        2.690        0.000        2.000        0.000        0.000        0.000        1.000        0.000        0.000        0.000        0.000        0.000
   182:       14.000        1.000        9.370        0.000        0.000        0.000        0.000        0.000        1.000        0.000        1.000        0.000       96.620        0.000
   196:       15.000        2.000        2.260        0.000        0.000        0.000        0.000        0.000        1.000        0.000        0.000        0.000        0.000        0.000
   210:       16.000        2.000        6.990        0.000        1.000        0.000        0.000        0.000        1.000        0.000        0.000        0.000        0.000        0.000
   224:       17.000        2.000        0.930        0.000        1.000        0.000        0.000       73.150        1.000        0.000        0.000        0.000        0.000        0.000
   238:       18.000        1.000        0.000        0.000        0.000        0.000        0.000        0.000        0.000        0.000        4.000        0.000       50.540        0.000
   252:       19.000        2.000       27.110        0.000        0.000        0.000        0.000        0.000        1.000        0.000        0.000        0.000        0.000        0.000
   266:       20.000        1.000       11.870        0.000        2.000        0.000        0.000       23.800        1.000        0.000        4.000        0.000       12.100        0.000
   280:       21.000        1.000        4.850        0.000        2.000        0.000        0.000        0.750        1.000        0.000        0.000        0.000        0.000        0.000
   294:       22.000        1.000        2.380        0.000        1.000        0.000        0.000        1.060        1.000        0.000        0.000        0.000        0.000        0.000
   308:       23.000        2.000        0.290        0.000        0.000        0.000        0.000        0.000        1.000        0.000        0.000        0.000        0.000        0.000
   322:       24.000        2.000        1.550        0.000        0.000        0.000        0.000        0.000        1.000        0.000        0.000        0.000        0.000        0.000
   336:       25.000        2.000        5.650        0.000        0.000        0.000        0.000        0.000        1.000        0.000        1.000        0.000       53.210        0.000
   350:       26.000        1.000        9.490        0.000        1.000        0.000        0.000       51.090        1.000        0.000        1.000        0.000        7.880      321.490
   364:       27.000        2.000        9.500        2.000        0.000        0.000        0.000        0.000        1.000        0.000        0.000        0.000        0.000        0.000
   378:       28.000        1.000        0.000        0.000        0.000        0.000        0.000        0.000        0.000        0.000        3.000        0.000       24.600        0.000
   392:       29.000        2.000       26.240        0.000        0.000        0.000        0.000        0.000        1.000        0.000        0.000        0.000        0.000        0.000
   406:       30.000        2.000        0.640        0.000        0.000        0.000        0.000        0.000        1.000        0.000        0.000        0.000        0.000        0.000
   420:       31.000        2.000        8.030        2.000        0.000        0.000        0.000        0.000        1.000        0.000        0.000        0.000        0.000        0.000
   434:       32.000        2.000        1.880        0.000        0.000        0.000        0.000        0.000        1.000        0.000        0.000        0.000        0.000        0.000
   448:       33.000        1.000        6.600        0.000        1.000        0.000        0.000       99.560        1.000        0.000        2.000        0.000       55.260        0.000
   462:       34.000        1.000        3.680        0.000        3.000        0.000        0.000        0.970        1.000        0.000        0.000        0.000        0.000        0.000
   476:       35.000        2.000        9.980        0.000        0.000        0.000        0.000        0.000        1.000        0.000        2.000        0.000       18.420        0.000
   490:       36.000        2.000        1.190        0.000        0.000        0.000        0.000        0.000        1.000        0.000        0.000        0.000        0.000        0.000
   504:       37.000        1.000        1.400        0.000        2.000        0.000        0.000       25.320        1.000        0.000        0.000        0.000        0.000        0.000
   518:       38.000        1.000        7.450        0.000        2.000        0.000        0.000        1.220        1.000        0.000        1.000        0.000       28.570      163.510
   532:       39.000        2.000       14.060        0.000        0.000        0.000        0.000        0.000        0.000        1.000        1.000        0.000        2.110        0.000
   546:       40.000        2.000        3.600        0.000        0.000        0.000        0.000        0.000        1.000        0.000        1.000        0.000        0.890        0.000
   560:       41.000        1.000        0.000        0.000        0.000        0.000        0.000        0.000        0.000        0.000        2.000        0.000        2.380        0.000
   574:       42.000        2.000       39.880        0.000        0.000        0.000        0.000        0.000        1.000        0.000        0.000        0.000        0.000        0.000
   588:       43.000        1.000        0.000        0.000        0.000        0.000        0.000        0.000        0.000        0.000        1.000        0.000       34.510        0.000
   602:       46.000        1.000       37.200        2.000        2.000        0.000        1.000        0.000        1.000        0.000        2.000        0.000        6.300        0.000
   616:       48.000        1.000        0.920        0.000        1.000        0.000        0.000      128.990        1.000        0.000        0.000        0.000        0.000        0.000
   630:       51.000        1.000        2.470        0.000        4.000        0.000        0.000        1.220        1.000        0.000        0.000        0.000        0.000        0.000
K:
     0:        1.000        2.000
T:
     0:        2.480        1.230       26.440      164.180
