File: C:\MED-PC\Data\2017-11-15_12h45m_Subject 423.txt


Start Date: 11/15/17
End Date: 11/15/17
Subject: 423
Experiment: ACI JAX 11.15
Group: 0
Box: 4
Start Time: 12:45:09
End Time: 13:08:12
MSN: Discrimination Tone Training_v3
C:      20.000
D:      25.000
E:       0.000
F:       1.000
G:       2.000
H:       2.000
I:     630.000
J:       0.000
L:       0.000
M:      55.000
N:       1.000
O:       0.000
P:       0.000
Q:       0.000
R:       0.000
S:       0.000
U:       0.000
V:       0.000
W:       0.000
X:       0.000
Y:       0.000
Z:       0.000
A:
     0:     2000.000       75.000       30.000     9000.000       63.000       30.000       10.000        1.000
B:
     0:        1.000        2.000       29.920        0.000        0.000        0.000        0.000        0.000        0.000        1.000        0.000        0.000        0.000        0.000
    14:        2.000        2.000       17.100        0.000        0.000        0.000        0.000        0.000        1.000        0.000        1.000        0.000       41.440        0.000
    28:        3.000        2.000       25.730        0.000        0.000        0.000        0.000        0.000        1.000        0.000        0.000        0.000        0.000        0.000
    42:        4.000        1.000       20.220        0.000        0.000        0.000        0.000        0.000        1.000        0.000        1.000        0.000       53.270        0.000
    56:        5.000        1.000        7.890        0.000        1.000        0.000        0.000      116.010        1.000        0.000        0.000        0.000        0.000        0.000
    70:        6.000        1.000        2.970        0.000        2.000        0.000        0.000        0.990        1.000        0.000        0.000        0.000        0.000        0.000
    84:        7.000        2.000       20.880        0.000        0.000        0.000        0.000        0.000        1.000        0.000        1.000        0.000       41.780        0.000
    98:        8.000        2.000       13.120        0.000        0.000        0.000        0.000        0.000        1.000        0.000        2.000        0.000        1.120        0.000
   112:        9.000        2.000       12.100        0.000        0.000        0.000        0.000        0.000        1.000        0.000        1.000        0.000        3.130        0.000
   126:       10.000        2.000       15.900        0.000        0.000        0.000        0.000        0.000        1.000        0.000        1.000        0.000        3.540        0.000
   140:       11.000        2.000        8.490        0.000        0.000        0.000        0.000        0.000        1.000        0.000        0.000        0.000        0.000        0.000
   154:       12.000        1.000        0.770        0.000        1.000        0.000        0.000      106.500        1.000        0.000        0.000        0.000        0.000        0.000
   168:       13.000        2.000       29.850        3.000        0.000        0.000        0.000        0.000        0.000        1.000        5.000        0.000       48.520        0.000
   182:       14.000        1.000        0.620        0.000        0.000        0.000        0.000        0.000        1.000        0.000        0.000        0.000        0.000        0.000
   196:       15.000        2.000       19.330        1.000        0.000        0.000        0.000        0.000        1.000        0.000        5.000        0.000       16.760        0.000
   210:       16.000        2.000       22.980        0.000        0.000        0.000        0.000        0.000        1.000        0.000        8.000        0.000        1.430        0.000
   224:       17.000        2.000        0.000        0.000        0.000        0.000        0.000        0.000        0.000        0.000        9.000        0.000       12.790        0.000
   238:       18.000        2.000       67.100        0.000        0.000        0.000        0.000        0.000        1.000        0.000        0.000        0.000        0.000        0.000
   252:       19.000        1.000       28.740        0.000        1.000        0.000        0.000      195.030        1.000        0.000        4.000        0.000       50.050        0.000
   266:       20.000        1.000       21.460        0.000        1.000        0.000        0.000        1.040        1.000        0.000        0.000        0.000        0.000        0.000
   280:       21.000        2.000       24.720        0.000        0.000        0.000        0.000        0.000        1.000        0.000        0.000        0.000        0.000        0.000
   294:       22.000        1.000        3.640        0.000        1.000        0.000        0.000       15.760        1.000        0.000        0.000        0.000        0.000        0.000
   308:       23.000        2.000       21.290        1.000        0.000        0.000        0.000        0.000        1.000        0.000        6.000        0.000       91.380        0.000
   322:       24.000        2.000       22.600        0.000        0.000        0.000        0.000        0.000        1.000        0.000        6.000        0.000        2.610        0.000
   336:       25.000        1.000        0.490        0.000        0.000        0.000        0.000        0.000        1.000        0.000        0.000        0.000        0.000        0.000
   350:       26.000        1.000        0.000        0.000        0.000        0.000        0.000        0.000        0.000        0.000        0.000        1.000        0.000        0.000
   364:       27.000        2.000       52.760        0.000        0.000        0.000        0.000        0.000        1.000        0.000        7.000        0.000       54.360        0.000
   378:       28.000        1.000        1.380        0.000        3.000        0.000        0.000        0.000        1.000        0.000        0.000        0.000        0.000        0.000
   392:       29.000        1.000       18.730        0.000        1.000        0.000        0.000      152.150        1.000        0.000        0.000        0.000        0.000        0.000
   406:       30.000        2.000        0.000        0.000        0.000        0.000        0.000        0.000        0.000        0.000        0.000        1.000        0.000        0.000
   420:       31.000        1.000       41.300        0.000        0.000        0.000        0.000        0.000        1.000        0.000        0.000        0.000        0.000        0.000
   434:       32.000        2.000        0.000        1.000        0.000        0.000        0.000        0.000        0.000        0.000        4.000        0.000      116.280        0.000
   448:       33.000        2.000       61.380        0.000        0.000        0.000        0.000        0.000        1.000        0.000        7.000        0.000        2.060        0.000
   462:       34.000        2.000       10.820        0.000        0.000        0.000        0.000        0.000        1.000        0.000        5.000        0.000        0.000        0.000
   476:       35.000        2.000       13.170        0.000        0.000        0.000        0.000        0.000        1.000        0.000        2.000        0.000        2.640        0.000
   490:       36.000        1.000        0.750        0.000        0.000        0.000        0.000        0.000        1.000        0.000        0.000        0.000        0.000        0.000
   504:       37.000        2.000       27.820        3.000        0.000        0.000        0.000        0.000        1.000        0.000        6.000        0.000       23.160        0.000
   518:       38.000        1.000        3.070        0.000        0.000        0.000        0.000        0.000        1.000        0.000        0.000        0.000        0.000        0.000
   532:       39.000        2.000       26.580        1.000        0.000        0.000        0.000        0.000        1.000        0.000        2.000        0.000       24.380        0.000
   546:       40.000        2.000        0.860        0.000        0.000        0.000        0.000        0.000        1.000        0.000        0.000        0.000        0.000        0.000
   560:       43.000        1.000        1.370        0.000        1.000        0.000        0.000      247.960        1.000        0.000        0.000        0.000        0.000        0.000
   574:       44.000        1.000       22.010        0.000        0.000        0.000        0.000        0.000        1.000        0.000        0.000        0.000        0.000        0.000
   588:       46.000        1.000       23.600        0.000        2.000        0.000        0.000       36.570        1.000        0.000        0.000        0.000        0.000        0.000
   602:       49.000        1.000        3.860        0.000        1.000        0.000        0.000        1.140        1.000        0.000        0.000        0.000        0.000        0.000
   616:       55.000        1.000        6.350        0.000        0.000        0.000        0.000        0.000        1.000        0.000        0.000        0.000        0.000        0.000
K:
     0:        1.000        2.000
T:
     0:        6.360       10.010      133.220     1173.490
