File: C:\MED-PC\Data\2017-11-23_10h12m_Subject 418.txt


Start Date: 11/23/17
End Date: 11/23/17
Subject: 418
Experiment: ACI JAX 11.23
Group: 0
Box: 2
Start Time: 10:12:20
End Time: 10:36:56
MSN: Discrimination Tone Training_v3
C:      18.000
D:      25.000
E:       0.000
F:       1.000
G:       2.000
H:       3.000
I:     602.000
J:       0.000
L:       0.000
M:      50.000
N:       1.000
O:       0.000
P:       0.000
Q:       0.000
R:       0.000
S:       0.000
U:       0.000
V:       0.000
W:       0.000
X:       0.000
Y:       0.000
Z:       0.000
A:
     0:     2000.000       75.000       15.000     9000.000       63.000       15.000       10.000        1.000
B:
     0:        1.000        2.000        0.000        0.000        0.000        8.000        0.000        0.000        0.000        0.000        0.000        1.000        0.000        0.000
    14:        2.000        2.000       37.690        0.000        0.000        0.000        0.000        0.000        1.000        0.000        0.000        0.000        0.000        0.000
    28:        3.000        1.000        0.000        4.000        0.000        4.000        0.000        0.000        0.000        0.000        0.000        1.000        0.000        0.000
    42:        4.000        1.000        0.000        0.000        0.000        0.000        0.000        0.000        0.000        0.000        1.000        0.000       76.890        0.000
    56:        5.000        2.000        0.000        0.000        0.000        0.000        0.000        0.000        0.000        0.000        0.000        1.000        0.000        0.000
    70:        6.000        2.000        0.000        0.000        0.000        2.000        0.000        0.000        0.000        0.000        0.000        1.000        0.000        0.000
    84:        7.000        2.000      115.650        0.000        0.000        0.000        0.000        0.000        1.000        0.000        0.000        0.000        0.000        0.000
    98:        8.000        2.000        0.000        0.000        0.000        0.000        0.000        0.000        0.000        0.000        0.000        1.000        0.000        0.000
   112:        9.000        2.000       28.200        0.000        0.000        0.000        0.000        0.000        1.000        0.000        0.000        0.000        0.000        0.000
   126:       10.000        1.000        0.000        0.000        0.000        2.000        0.000        0.000        0.000        0.000        0.000        1.000        0.000        0.000
   140:       11.000        2.000        0.000        0.000        0.000        0.000        0.000        0.000        0.000        0.000        0.000        1.000        0.000        0.000
   154:       12.000        1.000        0.000        0.000        0.000        0.000        0.000        0.000        0.000        0.000        1.000        0.000      177.250        0.000
   168:       13.000        2.000        0.000        0.000        0.000        0.000        0.000        0.000        0.000        0.000        0.000        1.000        0.000        0.000
   182:       14.000        2.000        0.000        0.000        0.000        0.000        0.000        0.000        0.000        0.000        0.000        1.000        0.000        0.000
   196:       15.000        2.000      138.070        0.000        0.000        0.000        0.000        0.000        1.000        0.000        0.000        0.000        0.000        0.000
   210:       16.000        2.000        0.000        0.000        0.000        0.000        0.000        0.000        0.000        0.000        0.000        1.000        0.000        0.000
   224:       17.000        2.000        0.000        0.000        0.000        0.000        0.000        0.000        0.000        0.000        0.000        1.000        0.000        0.000
   238:       18.000        1.000       52.810        0.000        1.000        0.000        0.000      380.210        1.000        0.000        0.000        0.000        0.000        0.000
   252:       19.000        2.000        0.000        0.000        1.000        0.000        0.000        0.000        0.000        0.000        0.000        1.000        0.000        0.000
   266:       20.000        1.000        0.000        0.000        0.000        0.000        0.000        0.000        0.000        0.000        0.000        1.000        0.000        0.000
   280:       21.000        1.000        0.000        0.000        0.000        0.000        0.000        0.000        0.000        0.000        0.000        1.000        0.000        0.000
   294:       22.000        1.000        0.000        0.000        0.000        0.000        0.000        0.000        0.000        0.000        0.000        1.000        0.000        0.000
   308:       23.000        2.000        0.000        0.000        0.000        0.000        0.000        0.000        0.000        0.000        0.000        1.000        0.000        0.000
   322:       24.000        2.000      133.410        0.000        0.000        0.000        0.000        0.000        1.000        0.000        0.000        0.000        0.000        0.000
   336:       25.000        1.000        0.000        0.000        0.000        0.000        0.000        0.000        0.000        0.000        0.000        1.000        0.000        0.000
   350:       26.000        2.000        0.000        0.000        0.000        0.000        0.000        0.000        0.000        0.000        0.000        1.000        0.000        0.000
   364:       27.000        2.000       60.880        0.000        0.000        0.000        0.000        0.000        1.000        0.000        0.000        0.000        0.000        0.000
   378:       28.000        2.000        0.000        0.000        0.000        0.000        0.000        0.000        0.000        0.000        0.000        1.000        0.000        0.000
   392:       29.000        1.000       26.920        0.000        2.000        0.000        0.000      111.010        1.000        0.000        0.000        0.000        0.000        0.000
   406:       30.000        2.000        0.000        5.000        0.000        0.000        0.000        0.000        0.000        0.000        1.000        0.000      390.000      614.010
   420:       31.000        1.000        0.000        0.000        0.000        0.000        0.000        0.000        0.000        0.000        0.000        1.000        0.000        0.000
   434:       32.000        1.000        0.000        0.000        0.000        0.000        0.000        0.000        0.000        0.000        0.000        1.000        0.000        0.000
   448:       33.000        2.000        0.000        0.000        0.000        0.000        0.000        0.000        0.000        0.000        0.000        1.000        0.000        0.000
   462:       34.000        2.000      113.980        0.000        0.000        0.000        0.000        0.000        1.000        0.000        0.000        0.000        0.000        0.000
   476:       35.000        2.000        0.000        0.000        0.000        0.000        0.000        0.000        0.000        0.000        0.000        1.000        0.000        0.000
   490:       36.000        1.000        0.000        0.000        0.000        0.000        0.000        0.000        0.000        0.000        0.000        1.000        0.000        0.000
   504:       37.000        2.000        0.000        0.000        0.000        0.000        0.000        0.000        0.000        0.000        0.000        1.000        0.000        0.000
   518:       38.000        2.000       86.930        0.000        0.000        0.000        0.000        0.000        1.000        0.000        0.000        0.000        0.000        0.000
   532:       42.000        1.000        0.000        0.000        0.000        0.000        0.000        0.000        0.000        0.000        0.000        1.000        0.000        0.000
   546:       44.000        1.000        0.000        0.000        0.000        0.000        0.000        0.000        0.000        0.000        0.000        1.000        0.000        0.000
   560:       48.000        1.000        0.000        0.000        0.000        0.000        0.000        0.000        0.000        0.000        0.000        1.000        0.000        0.000
   574:       49.000        1.000        0.000        0.000        0.000        0.000        0.000        0.000        0.000        0.000        0.000        1.000        0.000        0.000
   588:       50.000        1.000        0.000        0.000        0.000        0.000        0.000        0.000        0.000        0.000        0.000        1.000        0.000        0.000
K:
     0:        1.000        2.000
T:
     0:      133.640      245.620      333.480      614.020
