File: C:\MED-PC\Data\2017-11-16_12h35m_Subject 423.txt


Start Date: 11/16/17
End Date: 11/16/17
Subject: 423
Experiment: ACI JAX 11.16
Group: 0
Box: 3
Start Time: 12:35:33
End Time: 12:57:40
MSN: Discrimination Tone Training_v3
C:      24.000
D:      25.000
E:       0.000
F:       1.000
G:       2.000
H:       2.000
I:     686.000
J:       0.000
L:       0.000
M:      50.000
N:       1.000
O:       0.000
P:       0.000
Q:       0.000
R:       0.000
S:       0.000
U:       0.000
V:       0.000
W:       0.000
X:       0.000
Y:       0.000
Z:       0.000
A:
     0:     2000.000       75.000       30.000     9000.000       63.000       30.000       10.000        1.000
B:
     0:        1.000        2.000        5.030        0.000        0.000        0.000        0.000        0.000        1.000        0.000        0.000        0.000        0.000        0.000
    14:        2.000        1.000        0.000        0.000        0.000        0.000        1.000        0.000        0.000        0.000        8.000        0.000       18.050        0.000
    28:        3.000        2.000       41.970        0.000        0.000        0.000        0.000        0.000        1.000        0.000        0.000        0.000        0.000        0.000
    42:        4.000        1.000        0.000        0.000        0.000        0.000        0.000        0.000        0.000        0.000        5.000        0.000       21.460        0.000
    56:        5.000        1.000       68.390        0.000        3.000        0.000        1.000      133.650        1.000        0.000        3.000        0.000       10.240        0.000
    70:        6.000        2.000       11.760        0.000        2.000        0.000        0.000        0.000        1.000        0.000        0.000        0.000        0.000        0.000
    84:        7.000        1.000        0.000        2.000        0.000        0.000        4.000        0.000        0.000        0.000        1.000        0.000       35.360      188.780
    98:        8.000        2.000       45.010        0.000        0.000        0.000        0.000        0.000        1.000        0.000        0.000        0.000        0.000        0.000
   112:        9.000        2.000        1.710        0.000        0.000        0.000        0.000        0.000        1.000        0.000        0.000        0.000        0.000        0.000
   126:       10.000        2.000        4.120        0.000        0.000        0.000        0.000        0.000        1.000        0.000        0.000        0.000        0.000        0.000
   140:       11.000        1.000       15.330        0.000        1.000        0.000        0.000      111.220        1.000        0.000        1.000        0.000       50.250        8.820
   154:       12.000        2.000       25.760        1.000        1.000        0.000        0.000        0.000        1.000        0.000        0.000        0.000        0.000        0.000
   168:       13.000        1.000       13.220        1.000        1.000        0.000        0.000        0.000        1.000        0.000        1.000        0.000       43.780        0.000
   182:       14.000        1.000        0.000        8.000        0.000        0.000        0.000        0.000        0.000        0.000        1.000        0.000       24.130        0.000
   196:       15.000        2.000       55.460        0.000        0.000        0.000        0.000        0.000        1.000        0.000        0.000        0.000        0.000        0.000
   210:       16.000        1.000       22.950        0.000        2.000        0.000        0.000      125.760        1.000        0.000        2.000        0.000       27.130        0.000
   224:       17.000        2.000       13.010        1.000        1.000        0.000        0.000        0.000        1.000        0.000        0.000        0.000        0.000        0.000
   238:       18.000        2.000        7.660        0.000        0.000        0.000        0.000        0.000        1.000        0.000        0.000        0.000        0.000        0.000
   252:       19.000        1.000        8.190        0.000        4.000        0.000        0.000       38.850        1.000        0.000        0.000        0.000        0.000        0.000
   266:       20.000        1.000       12.140        2.000        1.000        0.000        0.000        0.000        1.000        0.000        0.000        0.000        0.000        0.000
   280:       21.000        2.000       14.720        1.000        0.000        0.000        0.000        0.000        1.000        0.000        0.000        0.000        0.000        0.000
   294:       22.000        1.000        3.370        0.000        1.000        0.000        0.000       41.290        1.000        0.000        0.000        0.000        0.000        0.000
   308:       23.000        2.000        7.190        0.000        0.000        0.000        0.000        0.000        1.000        0.000        0.000        0.000        0.000        0.000
   322:       24.000        2.000        7.990        0.000        2.000        0.000        0.000       21.880        1.000        0.000        0.000        0.000        0.000        0.000
   336:       25.000        2.000        9.310        1.000        0.000        0.000        0.000        0.000        1.000        0.000        0.000        0.000        0.000        0.000
   350:       26.000        1.000        0.160        0.000        5.000        0.000        0.000       12.230        1.000        0.000        0.000        0.000        0.000        0.000
   364:       27.000        1.000       14.180        2.000        2.000        0.000        0.000        0.000        1.000        0.000        0.000        0.000        0.000        0.000
   378:       28.000        1.000        0.030        0.000        1.000        0.000        0.000       11.740        1.000        0.000        0.000        0.000        0.000        0.000
   392:       29.000        2.000       12.990        0.000        0.000        0.000        0.000        0.000        1.000        0.000        0.000        0.000        0.000        0.000
   406:       30.000        1.000        0.280        0.000        5.000        0.000        0.000       12.190        1.000        0.000        0.000        0.000        0.000        0.000
   420:       31.000        1.000        1.820        0.000        4.000        0.000        0.000        0.860        1.000        0.000        0.000        0.000        0.000        0.000
   434:       32.000        2.000       29.670        4.000        0.000        0.000        0.000        0.000        0.000        1.000        0.000        0.000        0.000        0.000
   448:       33.000        2.000       13.760        0.000        0.000        0.000        0.000        0.000        1.000        0.000        0.000        0.000        0.000        0.000
   462:       34.000        1.000       14.880        0.000        1.000        0.000        0.000       51.600        1.000        0.000        0.000        0.000        0.000        0.000
   476:       35.000        2.000       25.450        3.000        0.000        0.000        0.000        0.000        1.000        0.000        0.000        0.000        0.000        0.000
   490:       36.000        2.000       10.670        0.000        1.000        0.000        0.000       27.030        1.000        0.000        1.000        0.000      409.460      540.100
   504:       37.000        2.000        0.000        1.000        0.000        0.000        0.000        0.000        0.000        0.000        4.000        0.000        3.420        0.000
   518:       38.000        2.000       48.100        0.000        0.000        0.000        0.000        0.000        1.000        0.000        1.000        0.000        2.350        0.000
   532:       39.000        2.000       23.230        0.000        0.000        0.000        0.000        0.000        1.000        0.000        5.000        0.000        5.030        0.000
   546:       40.000        1.000       14.030        0.000        1.000        0.000        0.000       60.140        1.000        0.000        0.000        0.000        0.000        0.000
   560:       41.000        2.000       18.590        0.000        0.000        0.000        0.000        0.000        1.000        0.000        2.000        0.000       33.540        0.000
   574:       42.000        2.000       17.100        0.000        0.000        0.000        0.000        0.000        1.000        0.000        3.000        0.000        7.670        0.000
   588:       43.000        2.000       19.300        0.000        0.000        0.000        0.000        0.000        1.000        0.000        2.000        0.000        4.280        0.000
   602:       44.000        1.000       25.590        1.000        1.000        0.000        0.000        0.000        1.000        0.000        0.000        0.000        0.000        0.000
   616:       45.000        1.000        0.000        4.000        0.000        0.000        0.000        0.000        0.000        0.000        0.000        1.000        0.000        0.000
   630:       47.000        1.000       45.800        0.000        1.000        0.000        0.000      153.370        1.000        0.000        0.000        0.000        0.000        0.000
   644:       48.000        1.000       17.630        4.000        4.000        0.000        0.000        0.000        1.000        0.000        0.000        0.000        0.000        0.000
   658:       49.000        1.000       12.490        2.000        1.000        0.000        0.000        0.000        1.000        0.000        0.000        0.000        0.000        0.000
   672:       50.000        1.000       14.350        0.000        1.000        0.000        0.000       49.740        1.000        0.000        1.000        0.000      154.120      363.930
K:
     0:        1.000        2.000
T:
     0:       14.360       49.750      154.130      363.940
