File: C:\MED-PC\Data\2017-11-12_15h11m_Subject 416.txt


Start Date: 11/12/17
End Date: 11/12/17
Subject: 416
Experiment: ACI JAX 11.12
Group: 0
Box: 1
Start Time: 15:11:35
End Time: 15:36:02
MSN: Discrimination Tone Training_v3
C:      20.000
D:      25.000
E:       0.000
F:       1.000
G:       2.000
H:       2.000
I:     630.000
J:       0.000
L:       0.000
M:      50.000
N:       1.000
O:       0.000
P:       0.000
Q:       0.000
R:       0.000
S:       0.000
U:       0.000
V:       0.000
W:       0.000
X:       0.000
Y:       0.000
Z:       0.000
A:
     0:     2000.000       75.000       30.000     9000.000       63.000       30.000       10.000        1.000
B:
     0:        1.000        1.000        0.000        0.000        0.000        0.000        0.000        0.000        0.000        0.000        5.000        0.000       11.820        0.000
    14:        2.000        2.000       46.210        0.000        0.000        0.000        0.000        0.000        1.000        0.000        0.000        0.000        0.000        0.000
    28:        3.000        1.000        0.000        0.000        0.000        0.000        0.000        0.000        0.000        0.000        5.000        0.000       23.040        0.000
    42:        4.000        1.000        0.000        0.000        0.000        0.000        0.000        0.000        0.000        0.000        4.000        0.000        7.790        0.000
    56:        5.000        2.000       92.370        0.000        0.000        0.000        0.000        0.000        1.000        0.000        1.000        0.000        0.600        0.000
    70:        6.000        2.000        4.790        0.000        0.000        0.000        0.000        0.000        1.000        0.000        0.000        0.000        0.000        0.000
    84:        7.000        2.000        7.160        0.000        0.000        0.000        0.000        0.000        1.000        0.000        0.000        0.000        0.000        0.000
    98:        8.000        1.000       22.700        0.000        3.000        0.000        0.000      172.850        1.000        0.000        2.000        0.000       43.230        0.000
   112:        9.000        2.000       14.600        0.000        0.000        0.000        0.000        0.000        1.000        0.000        0.000        0.000        0.000        0.000
   126:       10.000        1.000       16.400        0.000        2.000        0.000        0.000       28.860        1.000        0.000        0.000        0.000        0.000        0.000
   140:       11.000        2.000       24.500        0.000        0.000        0.000        0.000        0.000        1.000        0.000        6.000        0.000       54.490        0.000
   154:       12.000        2.000        0.000        0.000        0.000        0.000        0.000        0.000        0.000        0.000       10.000        0.000        1.960        0.000
   168:       13.000        1.000        0.000        0.000        0.000        0.000        0.000        0.000        0.000        0.000        7.000        0.000        3.530        0.000
   182:       14.000        2.000       84.690        0.000        0.000        0.000        0.000        0.000        1.000        0.000        0.000        0.000        0.000        0.000
   196:       15.000        1.000        6.200        0.000        4.000        0.000        0.000      114.500        1.000        0.000        0.000        0.000        0.000        0.000
   210:       16.000        2.000        0.490        0.000        3.000        0.000        0.000        8.680        1.000        0.000        0.000        0.000        0.000        0.000
   224:       17.000        2.000        7.800        0.000        0.000        0.000        0.000        0.000        1.000        0.000        0.000        0.000        0.000        0.000
   238:       18.000        2.000       15.150        0.000        0.000        0.000        0.000        0.000        1.000        0.000        2.000        0.000       61.490        0.000
   252:       19.000        2.000        3.430        0.000        0.000        0.000        0.000        0.000        1.000        0.000        0.000        0.000        0.000        0.000
   266:       20.000        1.000       13.010        0.000        4.000        0.000        0.000       66.000        1.000        0.000        0.000        0.000        0.000        0.000
   280:       21.000        2.000       13.110        0.000        0.000        0.000        0.000        0.000        1.000        0.000        5.000        0.000       39.810        0.000
   294:       22.000        2.000        6.220        0.000        0.000        0.000        0.000        0.000        1.000        0.000        1.000        0.000        2.900        0.000
   308:       23.000        2.000        0.450        0.000        0.000        0.000        0.000        0.000        1.000        0.000        0.000        0.000        0.000        0.000
   322:       24.000        2.000       10.700        0.000        0.000        0.000        0.000        0.000        1.000        0.000        3.000        0.000       11.740        0.000
   336:       25.000        2.000        0.340        0.000        1.000        0.000        0.000       70.270        1.000        0.000        0.000        0.000        0.000        0.000
   350:       26.000        2.000        3.390        0.000        0.000        0.000        0.000        0.000        1.000        0.000        0.000        0.000        0.000        0.000
   364:       27.000        1.000        2.320        0.000        1.000        0.000        0.000       19.680        1.000        0.000        0.000        0.000        0.000        0.000
   378:       28.000        2.000       15.580        0.000        0.000        0.000        0.000        0.000        1.000        0.000        4.000        0.000       39.330        0.000
   392:       29.000        2.000        0.000        0.000        0.000        0.000        0.000        0.000        0.000        0.000        9.000        0.000        0.690        0.000
   406:       30.000        1.000       58.200        0.000        2.000        0.000        0.000       71.160        1.000        0.000        3.000        0.000        9.890        0.000
   420:       31.000        2.000        7.790        0.000        0.000        0.000        0.000        0.000        1.000        0.000        2.000        0.000        3.500        0.000
   434:       32.000        2.000        8.120        0.000        0.000        0.000        0.000        0.000        1.000        0.000        0.000        0.000        0.000        0.000
   448:       33.000        2.000        4.370        0.000        0.000        0.000        0.000        0.000        1.000        0.000        1.000        0.000       19.270        0.000
   462:       34.000        2.000        3.310        0.000        0.000        0.000        0.000        0.000        1.000        0.000        0.000        0.000        0.000        0.000
   476:       35.000        1.000        0.860        0.000        7.000        0.000        0.000        0.000        1.000        0.000        0.000        0.000        0.000        0.000
   490:       36.000        2.000       17.320        1.000        1.000        0.000        0.000        0.000        1.000        0.000        0.000        0.000        0.000        0.000
   504:       38.000        1.000        6.860        0.000        1.000        0.000        0.000      114.430        1.000        0.000        3.000        0.000       56.480        0.000
   518:       39.000        1.000        2.200        0.000        3.000        0.000        0.000        1.630        1.000        0.000        0.000        0.000        0.000        0.000
   532:       42.000        1.000        3.030        0.000        7.000        0.000        0.000        0.000        1.000        0.000        0.000        0.000        0.000        0.000
   546:       43.000        1.000        7.170        1.000        3.000        0.000        0.000        0.000        1.000        0.000        0.000        0.000        0.000        0.000
   560:       44.000        1.000        9.290        1.000        1.000        0.000        0.000        0.000        1.000        0.000        2.000        0.000       53.080        0.000
   574:       45.000        1.000        0.870        0.000        3.000        0.000        0.000       51.770        1.000        0.000        0.000        0.000        0.000        0.000
   588:       46.000        1.000       15.560        1.000        0.000        0.000        0.000        0.000        1.000        0.000        3.000        0.000       13.330        0.000
   602:       49.000        1.000        7.720        0.000        0.000        0.000        0.000        0.000        1.000        0.000        3.000        0.000        1.220        0.000
   616:       50.000        1.000        0.370        0.000        4.000        0.000        0.000       33.350        1.000        0.000        0.000        0.000        0.000        0.000
K:
     0:        1.000        2.000
T:
     0:        0.380       33.360       10.390      986.980
