File: C:\MED-PC\Data\2017-11-25_15h34m_Subject 423.txt


Start Date: 11/25/17
End Date: 11/25/17
Subject: 423
Experiment: ACI JAX 11.25
Group: 0
Box: 4
Start Time: 15:34:36
End Time: 15:49:25
MSN: Discrimination Tone Training_v3
C:      25.000
D:      24.000
E:       0.000
F:       1.000
G:       2.000
H:       2.000
I:     686.000
J:       0.000
L:       0.000
M:      50.000
N:       2.000
O:       0.000
P:       0.000
Q:       0.000
R:       0.000
S:       0.000
U:       0.000
V:       0.000
W:       0.000
X:       0.000
Y:       0.000
Z:       0.000
A:
     0:     2000.000       75.000       15.000     9000.000       63.000       15.000       10.000        1.000
B:
     0:        1.000        2.000        1.930        0.000        0.000        0.000        0.000        0.000        1.000        0.000        0.000        0.000        0.000        0.000
    14:        2.000        2.000        5.710        0.000        0.000        0.000        0.000        0.000        1.000        0.000        0.000        0.000        0.000        0.000
    28:        3.000        1.000        7.050        0.000        1.000        0.000        0.000       35.840        1.000        0.000        1.000        0.000       34.380        3.390
    42:        4.000        1.000        9.040        0.000        1.000        0.000        0.000        1.240        1.000        0.000        1.000        0.000        6.830        3.450
    56:        5.000        2.000        1.120        0.000        0.000        0.000        0.000        0.000        1.000        0.000        0.000        0.000        0.000        0.000
    70:        6.000        2.000        0.060        0.000        0.000        0.000        0.000        0.000        1.000        0.000        0.000        0.000        0.000        0.000
    84:        7.000        1.000        2.600        0.000        1.000        0.000        0.000       25.450        1.000        0.000        1.000        0.000       23.810        2.760
    98:        8.000        1.000       12.120        2.000        0.000        0.000        0.000        0.000        1.000        0.000        1.000        0.000       10.120        0.000
   112:        9.000        1.000        5.590        0.000        1.000        0.000        0.000       17.790        1.000        0.000        0.000        0.000        0.000        0.000
   126:       10.000        2.000        2.120        0.000        0.000        0.000        0.000        0.000        1.000        0.000        0.000        0.000        0.000        0.000
   140:       11.000        1.000        2.020        0.000        2.000        0.000        0.000       13.920        1.000        0.000        0.000        0.000        0.000        0.000
   154:       12.000        2.000        7.540        0.000        0.000        0.000        0.000        0.000        1.000        0.000        0.000        0.000        0.000        0.000
   168:       13.000        1.000        4.120        0.000        1.000        0.000        0.000       16.030        1.000        0.000        1.000        0.000       63.360       79.420
   182:       14.000        1.000       12.270        0.000        2.000        0.000        0.000        0.900        1.000        0.000        0.000        0.000        0.000        0.000
   196:       15.000        1.000        5.750        0.000        2.000        0.000        0.000        1.160        1.000        0.000        0.000        0.000        0.000        0.000
   210:       16.000        2.000       14.110        0.000        0.000        0.000        0.000        0.000        0.000        1.000        0.000        0.000        0.000        0.000
   224:       17.000        2.000        6.550        0.000        0.000        0.000        0.000        0.000        1.000        0.000        0.000        0.000        0.000        0.000
   238:       18.000        2.000        4.500        0.000        0.000        0.000        0.000        0.000        1.000        0.000        2.000        0.000       83.180        0.000
   252:       19.000        1.000        6.950        0.000        1.000        0.000        0.000       52.050        1.000        0.000        1.000        0.000        0.500       23.060
   266:       20.000        1.000        2.630        0.000        1.000        0.000        0.000        0.850        1.000        0.000        0.000        0.000        0.000        0.000
   280:       21.000        2.000       14.550        0.000        0.000        0.000        0.000        0.000        0.000        1.000        1.000        0.000       24.020        0.000
   294:       22.000        2.000        6.400        0.000        2.000        0.000        0.000        0.000        1.000        0.000        1.000        0.000        1.960        0.000
   308:       23.000        1.000        1.490        0.000        0.000        0.000        0.000        0.000        1.000        0.000        0.000        0.000        0.000        0.000
   322:       24.000        1.000       13.270        0.000        0.000        0.000        0.000        0.000        1.000        0.000        0.000        0.000        0.000        0.000
   336:       25.000        2.000        5.920        0.000        0.000        0.000        0.000        0.000        1.000        0.000        0.000        0.000        0.000        0.000
   350:       26.000        1.000        6.680        0.000        1.000        0.000        0.000       89.770        1.000        0.000        1.000        0.000       58.240       93.960
   364:       27.000        2.000        7.290        0.000        0.000        0.000        0.000        0.000        1.000        0.000        0.000        0.000        0.000        0.000
   378:       28.000        2.000        6.170        0.000        1.000        0.000        0.000       26.900        1.000        0.000        1.000        0.000       18.550       15.640
   392:       29.000        1.000        2.900        0.000        0.000        0.000        0.000        0.000        1.000        0.000        0.000        0.000        0.000        0.000
   406:       30.000        2.000       11.140        0.000        3.000        0.000        0.000       28.210        1.000        0.000        0.000        0.000        0.000        0.000
   420:       31.000        2.000        7.330        0.000        0.000        0.000        0.000        0.000        1.000        0.000        1.000        0.000       37.960        0.000
   434:       32.000        1.000        0.750        0.000        1.000        0.000        0.000       13.150        1.000        0.000        0.000        0.000        0.000        0.000
   448:       33.000        2.000       11.340        0.000        0.000        0.000        0.000        0.000        1.000        0.000        0.000        0.000        0.000        0.000
   462:       34.000        1.000        0.710        0.000        1.000        0.000        0.000       13.030        1.000        0.000        0.000        0.000        0.000        0.000
   476:       35.000        2.000        9.690        0.000        1.000        0.000        0.000        6.630        1.000        0.000        0.000        0.000        0.000        0.000
   490:       36.000        1.000        0.260        0.000        2.000        0.000        0.000        3.480        1.000        0.000        0.000        0.000        0.000        0.000
   504:       37.000        1.000        0.580        0.000        1.000        0.000        0.000        1.310        1.000        0.000        0.000        0.000        0.000        0.000
   518:       38.000        1.000        9.060        0.000        1.000        0.000        0.000        1.060        1.000        0.000        0.000        0.000        0.000        0.000
   532:       39.000        2.000       11.780        0.000        0.000        0.000        0.000        0.000        1.000        0.000        0.000        0.000        0.000        0.000
   546:       40.000        1.000        0.540        0.000        0.000        0.000        0.000        0.000        1.000        0.000        0.000        0.000        0.000        0.000
   560:       41.000        1.000       10.300        0.000        1.000        0.000        0.000       33.910        1.000        0.000        0.000        0.000        0.000        0.000
   574:       42.000        2.000       14.730        0.000        2.000        0.000        0.000        0.000        0.000        1.000        0.000        0.000        0.000        0.000
   588:       43.000        1.000        0.790        0.000        1.000        0.000        0.000       12.780        1.000        0.000        0.000        0.000        0.000        0.000
   602:       44.000        2.000       11.320        0.000        0.000        0.000        0.000        0.000        1.000        0.000        0.000        0.000        0.000        0.000
   616:       45.000        2.000        4.610        0.000        0.000        0.000        0.000        0.000        1.000        0.000        0.000        0.000        0.000        0.000
   630:       46.000        1.000        0.820        0.000        0.000        0.000        0.000        0.000        1.000        0.000        0.000        0.000        0.000        0.000
   644:       47.000        1.000        0.000        0.000        0.000        0.000        0.000        0.000        0.000        0.000        1.000        0.000      266.150        0.000
   658:       49.000        2.000       34.620        0.000        1.000        0.000        0.000       76.690        1.000        0.000        3.000        0.000        1.710        0.000
   672:       50.000        2.000        9.780        0.000        0.000        0.000        0.000        0.000        1.000        0.000        2.000        0.000        0.530        0.000
K:
     0:        1.000        2.000
T:
     0:        9.790       10.010        0.540      334.670
