File: C:\MED-PC\Data\2017-11-27_10h29m_Subject 423.txt


Start Date: 11/27/17
End Date: 11/27/17
Subject: 423
Experiment: ACI JAX 11.27
Group: 0
Box: 4
Start Time: 10:29:33
End Time: 10:47:00
MSN: Discrimination Tone Training_v3
C:      22.000
D:      25.000
E:       0.000
F:       1.000
G:       2.000
H:       2.000
I:     658.000
J:       0.000
L:       0.000
M:      50.000
N:       1.000
O:       0.000
P:       0.000
Q:       0.000
R:       0.000
S:       0.000
U:       0.000
V:       0.000
W:       0.000
X:       0.000
Y:       0.000
Z:       0.000
A:
     0:     2000.000       75.000       10.000     9000.000       63.000       10.000       10.000        1.000
B:
     0:        1.000        1.000        0.000        0.000        0.000        0.000        0.000        0.000        0.000        0.000        0.000        1.000        0.000        0.000
    14:        2.000        1.000       30.460        0.000        1.000        0.000        0.000        1.470        1.000        0.000        1.000        0.000       21.890       10.040
    28:        3.000        1.000        0.000        1.000        0.000        0.000        0.000        0.000        0.000        0.000        0.000        1.000        0.000        0.000
    42:        4.000        2.000       22.730        0.000        0.000        0.000        0.000        0.000        1.000        0.000        0.000        0.000        0.000        0.000
    56:        5.000        1.000        2.240        0.000        1.000        0.000        0.000       14.300        1.000        0.000        0.000        0.000        0.000        0.000
    70:        6.000        1.000        0.000        0.000        0.000        0.000        0.000        0.000        0.000        0.000        0.000        1.000        0.000        0.000
    84:        7.000        1.000       26.730        0.000        4.000        0.000        0.000        0.970        1.000        0.000        0.000        0.000        0.000        0.000
    98:        8.000        2.000        0.000        0.000        0.000        0.000        0.000        0.000        0.000        0.000        3.000        0.000       86.230        0.000
   112:        9.000        2.000       30.310        0.000        0.000        0.000        0.000        0.000        0.000        1.000        0.000        0.000        0.000        0.000
   126:       10.000        2.000        4.320        0.000        0.000        0.000        0.000        0.000        1.000        0.000        0.000        0.000        0.000        0.000
   140:       11.000        1.000        7.070        0.000        0.000        0.000        0.000        0.000        1.000        0.000        3.000        0.000       38.100        0.000
   154:       12.000        1.000        0.000        0.000        0.000        0.000        0.000        0.000        0.000        0.000        1.000        0.000        7.630        0.000
   168:       13.000        2.000       22.270        0.000        0.000        0.000        0.000        0.000        1.000        0.000        0.000        0.000        0.000        0.000
   182:       14.000        2.000        0.880        0.000        0.000        0.000        0.000        0.000        1.000        0.000        0.000        0.000        0.000        0.000
   196:       15.000        2.000        2.230        0.000        0.000        0.000        0.000        0.000        1.000        0.000        0.000        0.000        0.000        0.000
   210:       16.000        1.000        2.600        0.000        1.000        0.000        0.000      106.470        1.000        0.000        0.000        0.000        0.000        0.000
   224:       17.000        2.000        6.420        0.000        0.000        0.000        0.000        0.000        1.000        0.000        0.000        0.000        0.000        0.000
   238:       18.000        2.000        2.900        0.000        0.000        0.000        0.000        0.000        1.000        0.000        0.000        0.000        0.000        0.000
   252:       19.000        2.000        3.610        0.000        0.000        0.000        0.000        0.000        1.000        0.000        0.000        0.000        0.000        0.000
   266:       20.000        2.000        5.010        0.000        0.000        0.000        0.000        0.000        1.000        0.000        0.000        0.000        0.000        0.000
   280:       21.000        1.000        0.000        0.000        0.000        0.000        0.000        0.000        0.000        0.000        4.000        0.000      113.430        0.000
   294:       22.000        1.000       21.260        0.000        1.000        0.000        0.000       77.920        1.000        0.000        0.000        0.000        0.000        0.000
   308:       23.000        2.000        5.440        0.000        0.000        0.000        0.000        0.000        1.000        0.000        0.000        0.000        0.000        0.000
   322:       24.000        2.000        1.130        0.000        0.000        0.000        0.000        0.000        1.000        0.000        0.000        0.000        0.000        0.000
   336:       25.000        1.000        1.400        0.000        0.000        0.000        0.000        0.000        1.000        0.000        0.000        0.000        0.000        0.000
   350:       26.000        2.000        6.280        0.000        0.000        0.000        0.000        0.000        1.000        0.000        0.000        0.000        0.000        0.000
   364:       27.000        2.000        7.480        0.000        0.000        0.000        0.000        0.000        1.000        0.000        1.000        0.000       70.950        0.000
   378:       28.000        2.000        0.580        0.000        0.000        0.000        0.000        0.000        1.000        0.000        0.000        0.000        0.000        0.000
   392:       29.000        2.000        4.150        0.000        0.000        0.000        0.000        0.000        1.000        0.000        0.000        0.000        0.000        0.000
   406:       30.000        2.000        6.640        0.000        0.000        0.000        0.000        0.000        1.000        0.000        0.000        0.000        0.000        0.000
   420:       31.000        2.000        5.580        0.000        2.000        0.000        0.000      124.290        1.000        0.000        2.000        0.000       44.510        0.000
   434:       32.000        2.000        9.550        0.000        0.000        0.000        0.000        0.000        0.000        1.000        4.000        0.000        0.760        0.000
   448:       33.000        1.000        0.000        0.000        0.000        2.000        0.000        0.000        0.000        0.000        0.000        1.000        0.000        0.000
   462:       34.000        2.000       29.990        0.000        3.000        0.000        0.000       46.370        1.000        0.000        3.000        0.000       24.000        0.000
   476:       35.000        2.000        5.900        0.000        0.000        0.000        0.000        0.000        1.000        0.000        1.000        0.000        0.060        0.000
   490:       36.000        1.000        2.720        0.000        1.000        0.000        0.000       14.600        1.000        0.000        0.000        0.000        0.000        0.000
   504:       37.000        1.000        0.000        0.000        0.000        0.000        0.000        0.000        0.000        0.000        0.000        1.000        0.000        0.000
   518:       38.000        2.000       26.050        0.000        0.000        0.000        0.000        0.000        1.000        0.000        1.000        0.000       35.990        0.000
   532:       39.000        1.000        2.900        0.000        1.000        0.000        0.000       14.850        1.000        0.000        0.000        0.000        0.000        0.000
   546:       40.000        2.000        7.970        0.000        0.000        0.000        0.000        0.000        1.000        0.000        0.000        0.000        0.000        0.000
   560:       41.000        1.000        0.370        0.000        1.000        0.000        0.000       12.420        1.000        0.000        0.000        0.000        0.000        0.000
   574:       42.000        1.000        0.000        0.000        0.000        0.000        0.000        0.000        0.000        0.000        0.000        1.000        0.000        0.000
   588:       43.000        2.000       23.200        0.000        0.000        0.000        0.000        0.000        1.000        0.000        0.000        0.000        0.000        0.000
   602:       44.000        1.000        0.120        0.000        1.000        0.000        0.000       12.090        1.000        0.000        0.000        0.000        0.000        0.000
   616:       45.000        1.000        9.720        0.000        0.000        0.000        0.000        0.000        1.000        0.000        0.000        0.000        0.000        0.000
   630:       49.000        1.000        0.000        0.000        0.000        0.000        0.000        0.000        0.000        0.000        0.000        1.000        0.000        0.000
   644:       50.000        1.000       23.780        0.000        1.000        0.000        0.000       38.640        1.000        0.000        0.000        0.000        0.000        0.000
K:
     0:        1.000        2.000
T:
     0:       23.790       38.650      147.260      654.360
