File: C:\MED-PC\Data\2017-11-27_10h07m_Subject 416.txt


Start Date: 11/27/17
End Date: 11/27/17
Subject: 416
Experiment: ACI JAX 11.27
Group: 0
Box: 1
Start Time: 10:07:00
End Time: 10:25:57
MSN: Discrimination Tone Training_v3
C:      25.000
D:      22.000
E:       0.000
F:       1.000
G:       2.000
H:       2.000
I:     658.000
J:       0.000
L:       0.000
M:      52.000
N:       2.000
O:       0.000
P:       0.000
Q:       0.000
R:       0.000
S:       0.000
U:       0.000
V:       0.000
W:       0.000
X:       0.000
Y:       0.000
Z:       0.000
A:
     0:     2000.000       75.000       10.000     9000.000       63.000       10.000       10.000        1.000
B:
     0:        1.000        2.000        9.970        0.000        0.000        0.000        0.000        0.000        0.000        1.000        0.000        0.000        0.000        0.000
    14:        2.000        2.000        0.000        0.000        0.000        0.000        0.000        0.000        0.000        0.000        0.000        1.000        0.000        0.000
    28:        3.000        2.000       25.670        0.000        0.000        0.000        0.000        0.000        1.000        0.000        0.000        0.000        0.000        0.000
    42:        4.000        1.000        0.000        1.000        0.000        0.000        3.000        0.000        0.000        0.000        3.000        0.000       57.990        0.000
    56:        5.000        1.000        0.000        1.000        0.000        0.000        1.000        0.000        0.000        0.000        0.000        1.000        0.000        0.000
    70:        6.000        2.000       50.070        0.000        0.000        0.000        0.000        0.000        1.000        0.000        0.000        0.000        0.000        0.000
    84:        7.000        1.000        0.000        2.000        0.000        0.000        3.000        0.000        0.000        0.000        3.000        0.000       41.170        0.000
    98:        8.000        1.000       24.410        0.000        1.000        0.000        0.000      134.430        1.000        0.000        0.000        0.000        0.000        0.000
   112:        9.000        1.000        1.440        0.000        1.000        0.000        0.000        1.230        1.000        0.000        0.000        0.000        0.000        0.000
   126:       10.000        2.000        8.940        1.000        0.000        0.000        0.000        0.000        1.000        0.000        1.000        0.000       27.940      111.280
   140:       11.000        1.000        8.170        0.000        4.000        0.000        0.000       20.070        1.000        0.000        2.000        0.000        2.650        0.000
   154:       12.000        1.000        6.400        0.000        1.000        0.000        0.000        0.990        1.000        0.000        1.000        0.000        4.740       23.940
   168:       13.000        2.000        5.060        1.000        0.000        0.000        0.000        0.000        1.000        0.000        0.000        0.000        0.000        0.000
   182:       14.000        1.000        0.000        0.000        0.000        0.000        0.000        0.000        0.000        0.000        1.000        0.000       16.100        0.000
   196:       15.000        1.000       21.250        0.000        1.000        0.000        0.000       33.240        1.000        0.000        0.000        0.000        0.000        0.000
   210:       16.000        2.000        3.060        0.000        0.000        0.000        0.000        0.000        1.000        0.000        0.000        0.000        0.000        0.000
   224:       17.000        1.000        0.000        0.000        0.000        0.000        0.000        0.000        0.000        0.000        5.000        0.000       25.290        0.000
   238:       18.000        2.000       27.840        0.000        0.000        0.000        0.000        0.000        1.000        0.000        0.000        0.000        0.000        0.000
   252:       19.000        1.000        0.000        0.000        0.000        0.000        0.000        0.000        0.000        0.000        0.000        1.000        0.000        0.000
   266:       20.000        2.000        0.000        0.000        0.000        0.000        0.000        0.000        0.000        0.000        0.000        1.000        0.000        0.000
   280:       21.000        1.000        0.000        0.000        0.000        0.000        0.000        0.000        0.000        0.000        2.000        0.000       64.240        0.000
   294:       22.000        1.000        0.000        0.000        0.000        0.000        0.000        0.000        0.000        0.000        1.000        0.000        0.670        0.000
   308:       23.000        2.000       88.320        0.000        0.000        0.000        0.000        0.000        1.000        0.000        0.000        0.000        0.000        0.000
   322:       24.000        2.000        0.000        0.000        0.000        0.000        0.000        0.000        0.000        0.000        0.000        1.000        0.000        0.000
   336:       25.000        1.000        0.000        0.000        0.000        0.000        0.000        0.000        0.000        0.000        2.000        0.000       41.860        0.000
   350:       26.000        1.000        0.000        0.000        0.000        0.000        0.000        0.000        0.000        0.000        1.000        0.000        3.370        0.000
   364:       27.000        2.000       72.530        0.000        0.000        0.000        0.000        0.000        0.000        1.000        0.000        0.000        0.000        0.000
   378:       28.000        2.000        9.770        0.000        0.000        0.000        0.000        0.000        0.000        1.000        0.000        0.000        0.000        0.000
   392:       29.000        1.000        5.630        0.000        1.000        0.000        0.000      260.300        1.000        0.000        2.000        0.000       42.790        0.000
   406:       30.000        1.000        4.190        0.000        2.000        0.000        0.000        0.950        1.000        0.000        2.000        0.000        0.150        0.000
   420:       31.000        1.000        5.270        0.000        2.000        0.000        0.000        0.000        1.000        0.000        2.000        0.000        3.360        0.000
   434:       32.000        1.000        1.080        0.000        4.000        0.000        0.000       13.090        1.000        0.000        0.000        0.000        0.000        0.000
   448:       33.000        1.000        5.290        0.000        1.000        0.000        0.000        0.970        1.000        0.000        1.000        0.000       15.030      355.490
   462:       34.000        2.000        0.000        0.000        0.000        0.000        0.000        0.000        0.000        0.000        1.000        0.000        2.070        0.000
   476:       35.000        1.000       21.680        0.000        1.000        0.000        0.000        0.930        1.000        0.000        0.000        0.000        0.000        0.000
   490:       36.000        2.000        3.730        0.000        0.000        0.000        0.000        0.000        1.000        0.000        0.000        0.000        0.000        0.000
   504:       37.000        2.000        0.000        0.000        0.000        0.000        0.000        0.000        0.000        0.000        1.000        0.000       26.790        0.000
   518:       38.000        2.000       25.140        0.000        0.000        0.000        0.000        0.000        1.000        0.000        0.000        0.000        0.000        0.000
   532:       39.000        1.000        0.000        0.000        0.000        0.000        0.000        0.000        0.000        0.000        3.000        0.000       19.070        0.000
   546:       40.000        1.000        0.000        0.000        0.000        0.000        0.000        0.000        0.000        0.000        3.000        0.000        1.310        0.000
   560:       41.000        2.000       43.400        0.000        0.000        0.000        0.000        0.000        1.000        0.000        0.000        0.000        0.000        0.000
   574:       42.000        1.000        0.000        0.000        0.000        0.000        0.000        0.000        0.000        0.000        3.000        0.000       14.770        0.000
   588:       43.000        1.000        0.000        0.000        0.000        0.000        0.000        0.000        0.000        0.000        3.000        0.000        5.700        0.000
   602:       44.000        2.000       47.370        0.000        0.000        0.000        0.000        0.000        1.000        0.000        2.000        0.000        0.250        0.000
   616:       47.000        2.000        1.730        0.000        0.000        0.000        0.000        0.000        1.000        0.000        0.000        0.000        0.000        0.000
   630:       49.000        2.000        6.090        0.000        0.000        0.000        0.000        0.000        1.000        0.000        0.000        0.000        0.000        0.000
   644:       52.000        2.000        3.280        0.000        0.000        0.000        0.000        0.000        1.000        0.000        1.000        0.000       33.160        0.000
K:
     0:        1.000        2.000
T:
     0:        3.290      208.200       33.170      242.570
