File: C:\MED-PC\Data\2017-11-24_11h32m_Subject 416.txt


Start Date: 11/24/17
End Date: 11/24/17
Subject: 416
Experiment: ACI JAX 11.24
Group: 0
Box: 1
Start Time: 11:32:07
End Time: 11:52:41
MSN: Discrimination Tone Training_v3
C:      21.000
D:      25.000
E:       0.000
F:       1.000
G:       2.000
H:       2.000
I:     644.000
J:       0.000
L:       0.000
M:      51.000
N:       1.000
O:       0.000
P:       0.000
Q:       0.000
R:       0.000
S:       0.000
U:       0.000
V:       0.000
W:       0.000
X:       0.000
Y:       0.000
Z:       0.000
A:
     0:     2000.000       75.000       15.000     9000.000       63.000       15.000       10.000        1.000
B:
     0:        1.000        1.000        0.000        0.000        0.000        0.000        0.000        0.000        0.000        0.000        2.000        0.000        7.340        0.000
    14:        2.000        2.000       26.490        0.000        0.000        0.000        0.000        0.000        1.000        0.000        0.000        0.000        0.000        0.000
    28:        3.000        2.000        6.500        0.000        0.000        0.000        0.000        0.000        1.000        0.000        0.000        0.000        0.000        0.000
    42:        4.000        1.000        0.000        0.000        0.000        0.000        0.000        0.000        0.000        0.000        3.000        0.000       31.460        0.000
    56:        5.000        1.000       34.170        0.000        1.000        0.000        0.000       64.640        1.000        0.000        2.000        0.000        0.340        0.000
    70:        6.000        1.000        7.400        1.000        1.000        0.000        0.000        0.000        1.000        0.000        1.000        0.000        5.040        0.000
    84:        7.000        1.000        1.450        0.000        6.000        0.000        0.000       13.830        1.000        0.000        0.000        0.000        0.000        0.000
    98:        8.000        2.000        8.460        0.000        0.000        0.000        0.000        0.000        1.000        0.000        1.000        0.000       16.200        0.000
   112:        9.000        2.000        6.480        0.000        0.000        0.000        0.000        0.000        1.000        0.000        1.000        0.000        0.360        0.000
   126:       10.000        2.000        6.370        0.000        0.000        0.000        0.000        0.000        1.000        0.000        1.000        0.000        0.050        0.000
   140:       11.000        2.000       13.200        0.000        0.000        0.000        0.000        0.000        1.000        0.000        0.000        0.000        0.000        0.000
   154:       12.000        1.000       11.610        0.000        0.000        0.000        0.000        0.000        1.000        0.000        4.000        0.000       27.120        0.000
   168:       13.000        1.000        2.250        0.000        2.000        0.000        0.000       96.330        1.000        0.000        0.000        0.000        0.000        0.000
   182:       14.000        1.000        1.780        0.000        1.000        0.000        0.000        1.150        1.000        0.000        0.000        0.000        0.000        0.000
   196:       15.000        2.000        9.240        0.000        0.000        0.000        0.000        0.000        1.000        0.000        1.000        0.000       30.620        0.000
   210:       16.000        2.000        4.750        0.000        0.000        0.000        0.000        0.000        1.000        0.000        1.000        0.000        1.320        0.000
   224:       17.000        2.000        8.000        0.000        0.000        0.000        0.000        0.000        1.000        0.000        2.000        0.000        2.570        0.000
   238:       18.000        1.000        3.570        0.000        0.000        0.000        0.000        0.000        1.000        0.000        0.000        0.000        0.000        0.000
   252:       19.000        2.000        0.000        0.000        0.000        0.000        0.000        0.000        0.000        0.000        7.000        0.000       15.820        0.000
   266:       20.000        2.000       34.070        1.000        0.000        0.000        0.000        0.000        1.000        0.000        1.000        0.000        4.440        0.000
   280:       21.000        1.000        0.290        0.000        1.000        0.000        0.000      106.910        1.000        0.000        0.000        0.000        0.000        0.000
   294:       22.000        1.000        0.530        0.000        0.000        0.000        0.000        0.000        1.000        0.000        0.000        0.000        0.000        0.000
   308:       23.000        2.000        7.150        0.000        0.000        0.000        0.000        0.000        1.000        0.000        0.000        0.000        0.000        0.000
   322:       24.000        2.000        2.060        0.000        0.000        0.000        0.000        0.000        1.000        0.000        0.000        0.000        0.000        0.000
   336:       25.000        2.000        4.050        0.000        0.000        0.000        0.000        0.000        1.000        0.000        0.000        0.000        0.000        0.000
   350:       26.000        1.000        5.700        0.000        4.000        0.000        0.000       64.240        1.000        0.000        1.000        0.000       72.500      442.050
   364:       27.000        2.000        0.000        2.000        0.000        0.000        0.000        0.000        0.000        0.000        5.000        0.000        4.720        0.000
   378:       28.000        1.000        0.000        0.000        0.000        0.000        0.000        0.000        0.000        0.000        1.000        0.000        4.410        0.000
   392:       29.000        2.000       55.720        0.000        0.000        0.000        0.000        0.000        1.000        0.000        0.000        0.000        0.000        0.000
   406:       30.000        2.000        0.600        0.000        0.000        0.000        0.000        0.000        1.000        0.000        0.000        0.000        0.000        0.000
   420:       31.000        2.000        7.470        0.000        0.000        0.000        0.000        0.000        1.000        0.000        0.000        0.000        0.000        0.000
   434:       32.000        2.000        3.470        0.000        0.000        0.000        0.000        0.000        1.000        0.000        0.000        0.000        0.000        0.000
   448:       33.000        1.000        4.590        0.000        2.000        0.000        0.000       61.550        1.000        0.000        0.000        0.000        0.000        0.000
   462:       34.000        1.000        0.920        0.000        1.000        0.000        0.000        1.640        1.000        0.000        0.000        0.000        0.000        0.000
   476:       35.000        2.000        4.650        0.000        0.000        0.000        0.000        0.000        1.000        0.000        0.000        0.000        0.000        0.000
   490:       36.000        1.000        7.820        0.000        4.000        0.000        0.000       20.000        1.000        0.000        1.000        0.000      106.240      158.880
   504:       37.000        1.000        0.890        0.000        3.000        0.000        0.000        1.270        1.000        0.000        0.000        0.000        0.000        0.000
   518:       38.000        2.000        6.940        0.000        0.000        0.000        0.000        0.000        1.000        0.000        0.000        0.000        0.000        0.000
   532:       39.000        2.000        8.350        0.000        0.000        0.000        0.000        0.000        1.000        0.000        1.000        0.000       30.840        0.000
   546:       40.000        1.000        6.220        0.000        1.000        0.000        0.000       42.820        1.000        0.000        1.000        0.000        3.970       30.840
   560:       41.000        2.000        9.390        0.000        0.000        0.000        0.000        0.000        1.000        0.000        4.000        0.000        1.330        0.000
   574:       42.000        2.000        3.680        0.000        0.000        0.000        0.000        0.000        1.000        0.000        0.000        0.000        0.000        0.000
   588:       43.000        2.000        5.600        0.000        0.000        0.000        0.000        0.000        1.000        0.000        1.000        0.000       15.810        0.000
   602:       48.000        1.000        4.140        0.000        3.000        0.000        0.000       51.600        1.000        0.000        1.000        0.000        1.000       59.660
   616:       49.000        1.000        2.750        0.000        0.000        0.000        0.000        0.000        1.000        0.000        0.000        0.000        0.000        0.000
   630:       51.000        1.000        2.030        0.000        3.000        0.000        0.000       15.650        1.000        0.000        0.000        0.000        0.000        0.000
K:
     0:        1.000        2.000
T:
     0:        2.040       15.660       26.830       59.670
