File: C:\MED-PC\Data\2017-11-22_10h32m_Subject 175.txt


Start Date: 11/22/17
End Date: 11/22/17
Subject: 175
Experiment: ACI JAX 11.22
Group: 
Box: 1
Start Time: 10:32:21
End Time: 10:50:04
MSN: Discrimination Tone Training_v3
C:      24.000
D:      25.000
E:       0.000
F:       1.000
G:       2.000
H:       2.000
I:     686.000
J:       0.000
L:       0.000
M:      50.000
N:       1.000
O:       0.000
P:       0.000
Q:       0.000
R:       0.000
S:       0.000
U:       0.000
V:       0.000
W:       0.000
X:       0.000
Y:       0.000
Z:       0.000
A:
     0:     2000.000       75.000       15.000     9000.000       63.000       15.000       10.000        1.000
B:
     0:        1.000        1.000        0.000        5.000        0.000        0.000        0.000        0.000        0.000        0.000        3.000        0.000        1.950        0.000
    14:        2.000        2.000       29.810        0.000        2.000        0.000        0.000        8.710        1.000        0.000        0.000        0.000        0.000        0.000
    28:        3.000        1.000        0.000        0.000        0.000        0.000        8.000        0.000        0.000        0.000        2.000        0.000       17.860        0.000
    42:        4.000        2.000       37.390        0.000        0.000        0.000        0.000        0.000        1.000        0.000        0.000        0.000        0.000        0.000
    56:        5.000        1.000        0.000        4.000        0.000        0.000        0.000        0.000        0.000        0.000        2.000        0.000       23.510       91.260
    70:        6.000        1.000        0.000        0.000        0.000        0.000        0.000        0.000        0.000        0.000        2.000        0.000        5.110        0.000
    84:        7.000        1.000        0.000       10.000        0.000        0.000        0.000        0.000        0.000        0.000        1.000        0.000        4.030       33.310
    98:        8.000        2.000       86.930        4.000        0.000        0.000        0.000        0.000        1.000        0.000        0.000        0.000        0.000        0.000
   112:        9.000        1.000        0.000        0.000        0.000        0.000        4.000        0.000        0.000        0.000        2.000        0.000       19.980        0.000
   126:       10.000        2.000       30.700        0.000        0.000        0.000        0.000        0.000        1.000        0.000        0.000        0.000        0.000        0.000
   140:       11.000        2.000        5.510        5.000        0.000        0.000        0.000        0.000        1.000        0.000        0.000        0.000        0.000        0.000
   154:       12.000        2.000        2.790        0.000        0.000        0.000        0.000        0.000        1.000        0.000        0.000        0.000        0.000        0.000
   168:       13.000        2.000        2.060        0.000        0.000        0.000        0.000        0.000        1.000        0.000        0.000        0.000        0.000        0.000
   182:       14.000        2.000        7.380        0.000        1.000        0.000        0.000      209.070        1.000        0.000        0.000        0.000        0.000        0.000
   196:       15.000        2.000        2.240        0.000        4.000        0.000        0.000        8.640        1.000        0.000        0.000        0.000        0.000        0.000
   210:       16.000        2.000        6.000        0.000        0.000        0.000        0.000        0.000        1.000        0.000        1.000        0.000       92.900        0.000
   224:       17.000        1.000        0.000        0.000        0.000        0.000        1.000        0.000        0.000        0.000        1.000        0.000       11.670      156.180
   238:       18.000        2.000       38.520        2.000        0.000        0.000        0.000        0.000        1.000        0.000        2.000        0.000        3.500        0.000
   252:       19.000        1.000        0.000        0.000        0.000        0.000        0.000        0.000        0.000        0.000        1.000        0.000       13.080        0.000
   266:       20.000        2.000       30.590        0.000        0.000        0.000        0.000        0.000        1.000        0.000        0.000        0.000        0.000        0.000
   280:       21.000        2.000        1.030        0.000        0.000        0.000        0.000        0.000        1.000        0.000        0.000        0.000        0.000        0.000
   294:       22.000        2.000       14.810        0.000        0.000        0.000        0.000        0.000        0.000        1.000        0.000        0.000        0.000        0.000
   308:       23.000        1.000        0.000        0.000        0.000        0.000        2.000        0.000        0.000        0.000        2.000        0.000       59.740        0.000
   322:       24.000        2.000       30.160        0.000        0.000        0.000        0.000        0.000        1.000        0.000        0.000        0.000        0.000        0.000
   336:       25.000        2.000        3.060        0.000        0.000        0.000        0.000        0.000        1.000        0.000        0.000        0.000        0.000        0.000
   350:       26.000        2.000        4.750        0.000        0.000        0.000        0.000        0.000        1.000        0.000        0.000        0.000        0.000        0.000
   364:       27.000        2.000       12.270        0.000        0.000        0.000        0.000        0.000        1.000        0.000        0.000        0.000        0.000        0.000
   378:       28.000        1.000        0.000        3.000        1.000        0.000        0.000        0.000        0.000        0.000        0.000        1.000        0.000        0.000
   392:       29.000        1.000        0.000        0.000        0.000        0.000        0.000        0.000        0.000        0.000        2.000        0.000       98.730        0.000
   406:       30.000        2.000       59.110        0.000        0.000        0.000        0.000        0.000        1.000        0.000        0.000        0.000        0.000        0.000
   420:       31.000        1.000        0.000        0.000        0.000        0.000        1.000        0.000        0.000        0.000        2.000        0.000       24.660        0.000
   434:       32.000        1.000        0.000        0.000        0.000        0.000        1.000        0.000        0.000        0.000        1.000        0.000       11.520      309.250
   448:       33.000        2.000       56.390        0.000        0.000        0.000        0.000        0.000        1.000        0.000        0.000        0.000        0.000        0.000
   462:       34.000        1.000       11.560        0.000        1.000        0.000        0.000      390.130        1.000        0.000        1.000        0.000       19.010       14.260
   476:       35.000        1.000        2.790        1.000        3.000        0.000        0.000        0.000        1.000        0.000        0.000        0.000        0.000        0.000
   490:       36.000        1.000        0.740        0.000        1.000        0.000        0.000       21.530        1.000        0.000        0.000        0.000        0.000        0.000
   504:       37.000        2.000        8.370        0.000        2.000        0.000        0.000        0.000        1.000        0.000        1.000        0.000       27.490        0.000
   518:       38.000        2.000        6.220        0.000        0.000        0.000        0.000        0.000        1.000        0.000        1.000        0.000        0.810        0.000
   532:       39.000        1.000       13.640        0.000        5.000        0.000        0.000       43.270        1.000        0.000        2.000        0.000        7.000        0.000
   546:       40.000        1.000        1.650        0.000        1.000        0.000        0.000        8.680        1.000        0.000        0.000        0.000        0.000        0.000
   560:       41.000        2.000        8.200        0.000        0.000        0.000        0.000        0.000        1.000        0.000        1.000        0.000       14.740        0.000
   574:       42.000        1.000        0.000        0.000        0.000        0.000        0.000        0.000        0.000        0.000        0.000        1.000        0.000        0.000
   588:       43.000        1.000        0.000        0.000        0.000        0.000        0.000        0.000        0.000        0.000        1.000        0.000       38.060        0.000
   602:       44.000        2.000       59.020        0.000        0.000        0.000        0.000        0.000        1.000        0.000        1.000        0.000        1.540        0.000
   616:       45.000        2.000        3.060        0.000        0.000        0.000        0.000        0.000        1.000        0.000        0.000        0.000        0.000        0.000
   630:       46.000        1.000        0.000        0.000        0.000        1.000        0.000        0.000        0.000        0.000        0.000        1.000        0.000        0.000
   644:       47.000        1.000       33.790        0.000        2.000        0.000        0.000      130.260        1.000        0.000        1.000        0.000       44.770      210.560
   658:       49.000        1.000        5.230        1.000        2.000        0.000        0.000        0.000        1.000        0.000        0.000        0.000        0.000        0.000
   672:       50.000        1.000        0.200        0.000        3.000        0.000        0.000       12.680        1.000        0.000        0.000        0.000        0.000        0.000
K:
     0:        1.000        2.000
T:
     0:        0.210       12.690       26.480      210.570
