File: C:\MED-PC\Data\2017-11-24_11h32m_Subject 172.txt


Start Date: 11/24/17
End Date: 11/24/17
Subject: 172
Experiment: ACI JAX 11.24
Group: 0
Box: 3
Start Time: 11:32:39
End Time: 11:58:43
MSN: Discrimination Tone Training_v3
C:      25.000
D:      25.000
E:       0.000
F:       1.000
G:       2.000
H:       2.000
I:     700.000
J:       0.000
L:       0.000
M:      51.000
N:       2.000
O:       0.000
P:       0.000
Q:       0.000
R:       0.000
S:       0.000
U:       0.000
V:       0.000
W:       0.000
X:       0.000
Y:       0.000
Z:       0.000
A:
     0:     2000.000       75.000       15.000     9000.000       63.000       15.000       10.000        1.000
B:
     0:        1.000        2.000       11.070        0.000        0.000        0.000        0.000        0.000        1.000        0.000        0.000        0.000        0.000        0.000
    14:        2.000        2.000        4.320        0.000        0.000        0.000        0.000        0.000        1.000        0.000        1.000        0.000       22.610        0.000
    28:        3.000        2.000        6.190        0.000        0.000        0.000        0.000        0.000        1.000        0.000        0.000        0.000        0.000        0.000
    42:        4.000        1.000       11.120        0.000        2.000        0.000        0.000       57.760        1.000        0.000        0.000        0.000        0.000        0.000
    56:        5.000        1.000       13.230        2.000        0.000        0.000        0.000        0.000        1.000        0.000        0.000        0.000        0.000        0.000
    70:        6.000        2.000        5.770        0.000        0.000        0.000        0.000        0.000        1.000        0.000        0.000        0.000        0.000        0.000
    84:        7.000        1.000       13.630        0.000        3.000        0.000        0.000       42.680        1.000        0.000        1.000        0.000       81.960      110.120
    98:        8.000        2.000        9.240        1.000        0.000        0.000        0.000        0.000        1.000        0.000        0.000        0.000        0.000        0.000
   112:        9.000        2.000        2.410        0.000        0.000        0.000        0.000        0.000        1.000        0.000        0.000        0.000        0.000        0.000
   126:       10.000        2.000        4.130        0.000        0.000        0.000        0.000        0.000        1.000        0.000        0.000        0.000        0.000        0.000
   140:       11.000        2.000        4.150        0.000        0.000        0.000        0.000        0.000        1.000        0.000        1.000        0.000       49.330        0.000
   154:       12.000        2.000        5.250        0.000        0.000        0.000        0.000        0.000        1.000        0.000        0.000        0.000        0.000        0.000
   168:       13.000        1.000       12.790        1.000        4.000        0.000        0.000        0.000        1.000        0.000        0.000        0.000        0.000        0.000
   182:       14.000        2.000        5.840        4.000        0.000        0.000        0.000        0.000        1.000        0.000        0.000        0.000        0.000        0.000
   196:       15.000        1.000        7.030        0.000        2.000        0.000        0.000      119.580        1.000        0.000        0.000        0.000        0.000        0.000
   210:       16.000        1.000        0.000        3.000        1.000        0.000        0.000        0.000        0.000        0.000        0.000        1.000        0.000        0.000
   224:       17.000        1.000       30.080        0.000        2.000        0.000        0.000        1.220        1.000        0.000        0.000        0.000        0.000        0.000
   238:       18.000        2.000       13.570        1.000        0.000        0.000        0.000        0.000        1.000        0.000        1.000        0.000      124.840        0.000
   252:       19.000        2.000       12.950        0.000        0.000        0.000        0.000        0.000        1.000        0.000        0.000        0.000        0.000        0.000
   266:       20.000        1.000        2.740        0.000        5.000        0.000        0.000       43.230        1.000        0.000        0.000        0.000        0.000        0.000
   280:       21.000        1.000        7.430        0.000        3.000        0.000        0.000        1.040        1.000        0.000        2.000        0.000       38.790        0.000
   294:       22.000        2.000        8.380        0.000        0.000        0.000        0.000        0.000        1.000        0.000        1.000        0.000        1.160        0.000
   308:       23.000        1.000        1.150        0.000        4.000        0.000        0.000       13.280        1.000        0.000        0.000        0.000        0.000        0.000
   322:       24.000        1.000       12.400        3.000        2.000        0.000        0.000        0.000        1.000        0.000        0.000        0.000        0.000        0.000
   336:       25.000        1.000        0.000        3.000        0.000        0.000        0.000        0.000        0.000        0.000        0.000        1.000        0.000        0.000
   350:       26.000        1.000       28.740        0.000        1.000        0.000        0.000       41.200        1.000        0.000        0.000        0.000        0.000        0.000
   364:       27.000        2.000        5.980        0.000        1.000        0.000        0.000        0.000        1.000        0.000        0.000        0.000        0.000        0.000
   378:       28.000        2.000        5.590        0.000        0.000        0.000        0.000        0.000        1.000        0.000        1.000        0.000       93.390        0.000
   392:       29.000        1.000        5.950        0.000        2.000        0.000        0.000       34.820        1.000        0.000        0.000        0.000        0.000        0.000
   406:       30.000        2.000        7.720        1.000        2.000        0.000        0.000        0.000        1.000        0.000        0.000        0.000        0.000        0.000
   420:       31.000        1.000        1.440        0.000        2.000        0.000        0.000       16.000        1.000        0.000        0.000        0.000        0.000        0.000
   434:       32.000        1.000        1.400        0.000        0.000        0.000        0.000        0.000        1.000        0.000        0.000        0.000        0.000        0.000
   448:       33.000        2.000        9.500        0.000        1.000        0.000        0.000        0.000        1.000        0.000        0.000        0.000        0.000        0.000
   462:       34.000        2.000        5.090        0.000        0.000        0.000        0.000        0.000        1.000        0.000        0.000        0.000        0.000        0.000
   476:       35.000        1.000        1.580        0.000        4.000        0.000        0.000       55.100        1.000        0.000        0.000        0.000        0.000        0.000
   490:       36.000        2.000       11.900        0.000        0.000        0.000        0.000        0.000        1.000        0.000        4.000        0.000      110.170        0.000
   504:       37.000        2.000        9.060        0.000        0.000        0.000        0.000        0.000        1.000        0.000        1.000        0.000        1.400        0.000
   518:       38.000        2.000        9.760        0.000        0.000        0.000        0.000        0.000        1.000        0.000        0.000        0.000        0.000        0.000
   532:       39.000        2.000        9.330        0.000        0.000        0.000        0.000        0.000        1.000        0.000        1.000        0.000       21.540        0.000
   546:       40.000        1.000       13.860        0.000        0.000        0.000        0.000        0.000        1.000        0.000        2.000        0.000        6.050        0.000
   560:       41.000        2.000        6.070        0.000        0.000        0.000        0.000        0.000        1.000        0.000        1.000        0.000        0.150        0.000
   574:       42.000        1.000        4.740        0.000        0.000        0.000        0.000        0.000        1.000        0.000        0.000        0.000        0.000        0.000
   588:       43.000        1.000        7.910        0.000        5.000        0.000        0.000      143.280        1.000        0.000        0.000        0.000        0.000        0.000
   602:       44.000        2.000        7.160        0.000        0.000        0.000        0.000        0.000        1.000        0.000        0.000        0.000        0.000        0.000
   616:       45.000        1.000        8.280        0.000        1.000        0.000        0.000       20.570        1.000        0.000        0.000        0.000        0.000        0.000
   630:       46.000        1.000        0.000        6.000        0.000        3.000        0.000        0.000        0.000        0.000        0.000        1.000        0.000        0.000
   644:       47.000        1.000       33.190        1.000        0.000        0.000        0.000        0.000        1.000        0.000        0.000        0.000        0.000        0.000
   658:       48.000        1.000        4.430        0.000        2.000        0.000        0.000       20.240        1.000        0.000        0.000        0.000        0.000        0.000
   672:       49.000        1.000        0.000        5.000        0.000        0.000        0.000        0.000        0.000        0.000        0.000        1.000        0.000        0.000
   686:       51.000        2.000       33.480        1.000        0.000        0.000        0.000        0.000        1.000        0.000        0.000        0.000        0.000        0.000
K:
     0:        1.000        2.000
T:
     0:       33.490       10.010      175.390      751.520
