File: C:\MED-PC\Data\2017-11-12_16h39m_Subject 418.txt


Start Date: 11/12/17
End Date: 11/12/17
Subject: 418
Experiment: ACI JAX 11.12
Group: 0
Box: 1
Start Time: 16:39:09
End Time: 17:03:53
MSN: Discrimination Tone Training_v3
C:      20.000
D:      25.000
E:       0.000
F:       1.000
G:       2.000
H:       2.000
I:     630.000
J:       0.000
L:       0.000
M:      50.000
N:       1.000
O:       0.000
P:       0.000
Q:       0.000
R:       0.000
S:       0.000
U:       0.000
V:       0.000
W:       0.000
X:       0.000
Y:       0.000
Z:       0.000
A:
     0:     2000.000       75.000       30.000     9000.000       63.000       30.000       10.000        1.000
B:
     0:        1.000        1.000        0.000        0.000        0.000        0.000        0.000        0.000        0.000        0.000        3.000        0.000        4.790        0.000
    14:        2.000        2.000       53.110        0.000        0.000        0.000        0.000        0.000        1.000        0.000        2.000        0.000        4.110        0.000
    28:        3.000        2.000       16.540        0.000        0.000        0.000        0.000        0.000        1.000        0.000        2.000        0.000        4.660        0.000
    42:        4.000        2.000        8.420        0.000        2.000        0.000        0.000       55.560        1.000        0.000        1.000        0.000        5.330      103.880
    56:        5.000        2.000        8.830        0.000        2.000        0.000        0.000        6.330        1.000        0.000        0.000        0.000        0.000        0.000
    70:        6.000        2.000        2.980        0.000        0.000        0.000        0.000        0.000        1.000        0.000        0.000        0.000        0.000        0.000
    84:        7.000        1.000        2.050        0.000        4.000        0.000        0.000       15.180        1.000        0.000        0.000        0.000        0.000        0.000
    98:        8.000        1.000        8.700        0.000        4.000        0.000        0.000        1.610        1.000        0.000        0.000        0.000        0.000        0.000
   112:        9.000        1.000        3.410        0.000        2.000        0.000        0.000        5.960        1.000        0.000        0.000        0.000        0.000        0.000
   126:       10.000        1.000        8.350        0.000        2.000        0.000        0.000        1.280        1.000        0.000        0.000        0.000        0.000        0.000
   140:       11.000        1.000        1.550        0.000        4.000        0.000        0.000        1.110        1.000        0.000        0.000        0.000        0.000        0.000
   154:       12.000        2.000        0.000        3.000        0.000        0.000        0.000        0.000        0.000        0.000        2.000        0.000      117.900        1.010
   168:       13.000        1.000       54.390        0.000        0.000        0.000        0.000        0.000        1.000        0.000        0.000        0.000        0.000        0.000
   182:       14.000        2.000        7.640        1.000        0.000        0.000        0.000        0.000        1.000        0.000        0.000        0.000        0.000        0.000
   196:       15.000        2.000       29.320        0.000        2.000        0.000        0.000        0.000        0.000        1.000        0.000        0.000        0.000        0.000
   210:       16.000        2.000        4.080        0.000        0.000        0.000        0.000        0.000        1.000        0.000        0.000        0.000        0.000        0.000
   224:       17.000        2.000        8.070        0.000        0.000        0.000        0.000        0.000        1.000        0.000        0.000        0.000        0.000        0.000
   238:       18.000        2.000        1.350        0.000        0.000        0.000        0.000        0.000        1.000        0.000        0.000        0.000        0.000        0.000
   252:       19.000        1.000        1.030        0.000        2.000        0.000        0.000      119.380        1.000        0.000        0.000        0.000        0.000        0.000
   266:       20.000        2.000       15.910        0.000        0.000        0.000        0.000        0.000        1.000        0.000        4.000        0.000      148.070        0.000
   280:       21.000        1.000        0.000        0.000        0.000        0.000        0.000        0.000        0.000        0.000        1.000        0.000       28.590        0.000
   294:       22.000        1.000       42.510        0.000        2.000        0.000        0.000       60.400        1.000        0.000        0.000        0.000        0.000        0.000
   308:       23.000        2.000       17.630        0.000        0.000        0.000        0.000        0.000        1.000        0.000        3.000        0.000       14.560        0.000
   322:       24.000        2.000       10.230        0.000        2.000        0.000        0.000       29.270        1.000        0.000        1.000        0.000        6.470      121.280
   336:       25.000        1.000        0.350        0.000        4.000        0.000        0.000        2.050        1.000        0.000        0.000        0.000        0.000        0.000
   350:       26.000        2.000        0.000        1.000        0.000        0.000        0.000        0.000        0.000        0.000        6.000        0.000       16.250        0.000
   364:       27.000        2.000       45.010        0.000        0.000        0.000        0.000        0.000        1.000        0.000        0.000        0.000        0.000        0.000
   378:       28.000        2.000        2.400        0.000        0.000        0.000        0.000        0.000        1.000        0.000        0.000        0.000        0.000        0.000
   392:       29.000        2.000       12.240        0.000        0.000        0.000        0.000        0.000        1.000        0.000        0.000        0.000        0.000        0.000
   406:       30.000        1.000        2.630        0.000        0.000        0.000        0.000        0.000        1.000        0.000        0.000        0.000        0.000        0.000
   420:       31.000        1.000       17.280        0.000        0.000        0.000        0.000        0.000        1.000        0.000        2.000        0.000       76.510        0.000
   434:       32.000        1.000       17.470        1.000        0.000        0.000        0.000        0.000        1.000        0.000        1.000        0.000       12.620        0.000
   448:       33.000        2.000        8.110        0.000        0.000        0.000        0.000        0.000        1.000        0.000        0.000        0.000        0.000        0.000
   462:       34.000        1.000       23.890        0.000        1.000        0.000        0.000      170.440        1.000        0.000        0.000        0.000        0.000        0.000
   476:       35.000        2.000       24.100        1.000        0.000        0.000        0.000        0.000        1.000        0.000        0.000        0.000        0.000        0.000
   490:       36.000        2.000        2.230        0.000        0.000        0.000        0.000        0.000        1.000        0.000        0.000        0.000        0.000        0.000
   504:       37.000        1.000        1.180        0.000        1.000        0.000        0.000       26.970        1.000        0.000        0.000        0.000        0.000        0.000
   518:       38.000        2.000       12.870        0.000        0.000        0.000        0.000        0.000        1.000        0.000        3.000        0.000      115.140        0.000
   532:       39.000        2.000        3.120        0.000        0.000        0.000        0.000        0.000        1.000        0.000        0.000        0.000        0.000        0.000
   546:       40.000        1.000        3.660        1.000        2.000        0.000        0.000        0.000        1.000        0.000        0.000        0.000        0.000        0.000
   560:       41.000        1.000        6.350        1.000        5.000        0.000        0.000        0.000        1.000        0.000        0.000        0.000        0.000        0.000
   574:       42.000        2.000       28.350        1.000        0.000        0.000        0.000        0.000        1.000        0.000        5.000        0.000       47.900        0.000
   588:       43.000        1.000        1.450        0.000        3.000        0.000        0.000       99.780        1.000        0.000        0.000        0.000        0.000        0.000
   602:       44.000        2.000        8.910        1.000        0.000        0.000        0.000        0.000        1.000        0.000        3.000        0.000       12.950        0.000
   616:       50.000        1.000        3.940        0.000        1.000        0.000        0.000       26.860        1.000        0.000        0.000        0.000        0.000        0.000
K:
     0:        1.000        2.000
T:
     0:        3.950       26.870       13.960      433.870
