File: C:\MED-PC\Data\2017-11-28_10h53m_Subject 423.txt


Start Date: 11/28/17
End Date: 11/28/17
Subject: 423
Experiment: ACI JAX 11.28
Group: 0
Box: 4
Start Time: 10:53:18
End Time: 11:09:06
MSN: Discrimination Tone Training_v3
C:      23.000
D:      25.000
E:       0.000
F:       1.000
G:       2.000
H:       2.000
I:     672.000
J:       0.000
L:       0.000
M:      51.000
N:       1.000
O:       0.000
P:       0.000
Q:       0.000
R:       0.000
S:       0.000
U:       0.000
V:       0.000
W:       0.000
X:       0.000
Y:       0.000
Z:       0.000
A:
     0:     2000.000       75.000       10.000     9000.000       63.000       10.000       10.000        1.000
B:
     0:        1.000        2.000        2.100        0.000        0.000        0.000        0.000        0.000        1.000        0.000        0.000        0.000        0.000        0.000
    14:        2.000        2.000        0.280        0.000        0.000        0.000        0.000        0.000        1.000        0.000        0.000        0.000        0.000        0.000
    28:        3.000        1.000        8.210        0.000        1.000        0.000        0.000       31.750        1.000        0.000        0.000        0.000        0.000        0.000
    42:        4.000        1.000        4.110        0.000        2.000        0.000        0.000        1.020        1.000        0.000        0.000        0.000        0.000        0.000
    56:        5.000        1.000        0.140        0.000        0.000        0.000        0.000        0.000        1.000        0.000        0.000        0.000        0.000        0.000
    70:        6.000        2.000        2.870        0.000        0.000        0.000        0.000        0.000        1.000        0.000        0.000        0.000        0.000        0.000
    84:        7.000        2.000        0.560        0.000        0.000        0.000        0.000        0.000        1.000        0.000        0.000        0.000        0.000        0.000
    98:        8.000        2.000        2.630        0.000        0.000        0.000        0.000        0.000        1.000        0.000        0.000        0.000        0.000        0.000
   112:        9.000        1.000        6.460        0.000        2.000        0.000        0.000       57.890        1.000        0.000        0.000        0.000        0.000        0.000
   126:       10.000        1.000        3.430        0.000        0.000        0.000        0.000        0.000        1.000        0.000        0.000        0.000        0.000        0.000
   140:       11.000        2.000        2.470        0.000        0.000        0.000        0.000        0.000        1.000        0.000        0.000        0.000        0.000        0.000
   154:       12.000        2.000        0.550        0.000        0.000        0.000        0.000        0.000        1.000        0.000        0.000        0.000        0.000        0.000
   168:       13.000        1.000        0.000        0.000        0.000        0.000        0.000        0.000        0.000        0.000        0.000        1.000        0.000        0.000
   182:       14.000        1.000       25.300        0.000        2.000        0.000        0.000       62.270        1.000        0.000        0.000        0.000        0.000        0.000
   196:       15.000        2.000        9.710        2.000        0.000        0.000        0.000        0.000        0.000        1.000        1.000        0.000      204.190        1.770
   210:       16.000        2.000        5.410        0.000        0.000        0.000        0.000        0.000        1.000        0.000        0.000        0.000        0.000        0.000
   224:       17.000        2.000        2.620        0.000        0.000        0.000        0.000        0.000        1.000        0.000        0.000        0.000        0.000        0.000
   238:       18.000        1.000        0.000        0.000        0.000        0.000        0.000        0.000        0.000        0.000        3.000        0.000       31.520        0.000
   252:       19.000        1.000        0.000        0.000        0.000        0.000        0.000        0.000        0.000        0.000        2.000        0.000        0.130        0.000
   266:       20.000        2.000       51.770        0.000        0.000        0.000        0.000        0.000        0.000        1.000        0.000        0.000        0.000        0.000
   280:       21.000        2.000        7.650        0.000        0.000        0.000        0.000        0.000        1.000        0.000        0.000        0.000        0.000        0.000
   294:       22.000        2.000        1.320        0.000        0.000        0.000        0.000        0.000        1.000        0.000        0.000        0.000        0.000        0.000
   308:       23.000        2.000        7.010        0.000        0.000        0.000        0.000        0.000        1.000        0.000        0.000        0.000        0.000        0.000
   322:       24.000        1.000        1.370        0.000        1.000        0.000        0.000      155.150        1.000        0.000        0.000        0.000        0.000        0.000
   336:       25.000        1.000        8.060        0.000        1.000        0.000        0.000        0.970        1.000        0.000        0.000        0.000        0.000        0.000
   350:       26.000        1.000        0.000        0.000        0.000        0.000        0.000        0.000        0.000        0.000        1.000        0.000      110.410        0.000
   364:       27.000        2.000       24.220        0.000        0.000        0.000        0.000        0.000        1.000        0.000        0.000        0.000        0.000        0.000
   378:       28.000        1.000        2.960        0.000        1.000        0.000        0.000       14.940        1.000        0.000        0.000        0.000        0.000        0.000
   392:       29.000        1.000        8.090        0.000        0.000        0.000        0.000        0.000        1.000        0.000        0.000        0.000        0.000        0.000
   406:       30.000        2.000        5.150        0.000        0.000        0.000        0.000        0.000        1.000        0.000        0.000        0.000        0.000        0.000
   420:       31.000        2.000        8.860        0.000        0.000        0.000        0.000        0.000        1.000        0.000        0.000        0.000        0.000        0.000
   434:       32.000        1.000        2.080        0.000        1.000        0.000        0.000       50.370        1.000        0.000        0.000        0.000        0.000        0.000
   448:       33.000        2.000        9.090        0.000        0.000        0.000        0.000        0.000        0.000        1.000        0.000        0.000        0.000        0.000
   462:       34.000        1.000        0.060        0.000        1.000        0.000        0.000       12.120        1.000        0.000        0.000        0.000        0.000        0.000
   476:       35.000        1.000        0.000        0.000        0.000        0.000        0.000        0.000        0.000        0.000        0.000        1.000        0.000        0.000
   490:       36.000        2.000       26.590        0.000        0.000        0.000        0.000        0.000        1.000        0.000        0.000        0.000        0.000        0.000
   504:       37.000        2.000        9.940        0.000        5.000        0.000        0.000        0.000        0.000        1.000        2.000        0.000      168.770        0.000
   518:       38.000        1.000        1.700        0.000        1.000        0.000        0.000       34.700        1.000        0.000        0.000        0.000        0.000        0.000
   532:       39.000        1.000        6.900        0.000        1.000        0.000        0.000        1.050        1.000        0.000        0.000        0.000        0.000        0.000
   546:       40.000        2.000        7.290        0.000        0.000        0.000        0.000        0.000        1.000        0.000        0.000        0.000        0.000        0.000
   560:       41.000        2.000        3.860        0.000        0.000        0.000        0.000        0.000        1.000        0.000        1.000        0.000       49.480        0.000
   574:       42.000        1.000        0.240        0.000        1.000        0.000        0.000       27.090        1.000        0.000        0.000        0.000        0.000        0.000
   588:       43.000        2.000        5.660        0.000        0.000        0.000        0.000        0.000        1.000        0.000        0.000        0.000        0.000        0.000
   602:       44.000        2.000        5.690        0.000        1.000        0.000        0.000       23.490        1.000        0.000        1.000        0.000       28.470      453.560
   616:       45.000        2.000        8.580        0.000        1.000        0.000        0.000        5.680        1.000        0.000        1.000        0.000        0.820       13.440
   630:       47.000        1.000        0.840        0.000        1.000        0.000        0.000        1.300        1.000        0.000        0.000        0.000        0.000        0.000
   644:       48.000        1.000        0.000        0.000        0.000        0.000        0.000        0.000        0.000        0.000        0.000        1.000        0.000        0.000
   658:       51.000        1.000       23.560        0.000        0.000        0.000        0.000        0.000        1.000        0.000        0.000        0.000        0.000        0.000
K:
     0:        1.000        2.000
T:
     0:       23.570       10.010       45.450       13.450
