File: C:\MED-PC\Data\2017-11-24_11h59m_Subject 415.txt


Start Date: 11/24/17
End Date: 11/24/17
Subject: 415
Experiment: ACI JAX 11.24
Group: 0
Box: 3
Start Time: 11:59:03
End Time: 12:19:38
MSN: Discrimination Tone Training_v3
C:      23.000
D:      25.000
E:       0.000
F:       1.000
G:       2.000
H:       4.000
I:     672.000
J:       0.000
L:       0.000
M:      51.000
N:       1.000
O:       0.000
P:       0.000
Q:       0.000
R:       0.000
S:       0.000
U:       0.000
V:       0.000
W:       0.000
X:       0.000
Y:       0.000
Z:       0.000
A:
     0:     2000.000       75.000       15.000     9000.000       63.000       15.000       10.000        1.000
B:
     0:        1.000        2.000       13.830        0.000        0.000        0.000        0.000        0.000        1.000        0.000        0.000        0.000        0.000        0.000
    14:        2.000        1.000        0.000        0.000        0.000        0.000        0.000        0.000        0.000        0.000        2.000        0.000       27.300        0.000
    28:        3.000        1.000        0.000        8.000        0.000        0.000        1.000        0.000        0.000        0.000        1.000        0.000        9.580       38.900
    42:        4.000        2.000       55.510        0.000        0.000        0.000        0.000        0.000        1.000        0.000        0.000        0.000        0.000        0.000
    56:        5.000        2.000        0.000        0.000        0.000        3.000        0.000        0.000        0.000        0.000        0.000        1.000        0.000        0.000
    70:        6.000        1.000        0.000        1.000        0.000        0.000        0.000        0.000        0.000        0.000        1.000        0.000       44.710        0.000
    84:        7.000        1.000        0.000        0.000        0.000        0.000        0.000        0.000        0.000        0.000        1.000        0.000       10.420        0.000
    98:        8.000        1.000        0.000        0.000        0.000        0.000        0.000        0.000        0.000        0.000        2.000        0.000        1.840        0.000
   112:        9.000        1.000        0.000        0.000        0.000        0.000        0.000        0.000        0.000        0.000        1.000        0.000        4.780        0.000
   126:       10.000        1.000        0.000        0.000        0.000        0.000        2.000        0.000        0.000        0.000        1.000        0.000        9.110      116.320
   140:       11.000        2.000      165.340        0.000        0.000        0.000        0.000        0.000        1.000        0.000        0.000        0.000        0.000        0.000
   154:       12.000        2.000        0.790        0.000        0.000        0.000        0.000        0.000        1.000        0.000        0.000        0.000        0.000        0.000
   168:       13.000        1.000        0.000        0.000        0.000        0.000        0.000        0.000        0.000        0.000        2.000        0.000       34.330        0.000
   182:       14.000        2.000       26.300        0.000        0.000        0.000        0.000        0.000        1.000        0.000        0.000        0.000        0.000        0.000
   196:       15.000        2.000        1.310        0.000        0.000        0.000        0.000        0.000        1.000        0.000        0.000        0.000        0.000        0.000
   210:       16.000        2.000        1.690        0.000        0.000        0.000        0.000        0.000        1.000        0.000        0.000        0.000        0.000        0.000
   224:       17.000        2.000        1.980        0.000        0.000        0.000        0.000        0.000        1.000        0.000        0.000        0.000        0.000        0.000
   238:       18.000        1.000        0.000        0.000        0.000        0.000        0.000        0.000        0.000        0.000        0.000        1.000        0.000        0.000
   252:       19.000        1.000        0.000        0.000        0.000        0.000        3.000        0.000        0.000        0.000        1.000        0.000       86.950      118.560
   266:       20.000        1.000        0.000        5.000        0.000        0.000        0.000        0.000        0.000        0.000        0.000        1.000        0.000        0.000
   280:       21.000        1.000        0.000        3.000        0.000        0.000        0.000        0.000        0.000        0.000        1.000        0.000       33.430        0.000
   294:       22.000        2.000      108.900        0.000        0.000        0.000        0.000        0.000        1.000        0.000        0.000        0.000        0.000        0.000
   308:       23.000        2.000        5.670        0.000        0.000        0.000        0.000        0.000        1.000        0.000        0.000        0.000        0.000        0.000
   322:       24.000        2.000        3.260        0.000        0.000        0.000        0.000        0.000        1.000        0.000        0.000        0.000        0.000        0.000
   336:       25.000        2.000        1.570        0.000        0.000        0.000        0.000        0.000        1.000        0.000        0.000        0.000        0.000        0.000
   350:       26.000        1.000        0.000        0.000        0.000        0.000        0.000        0.000        0.000        0.000        1.000        0.000       60.450        0.000
   364:       27.000        1.000        0.000        0.000        0.000        0.000        0.000        0.000        0.000        0.000        4.000        0.000        3.180        0.000
   378:       28.000        2.000       58.480        0.000        0.000        0.000        0.000        0.000        1.000        0.000        0.000        0.000        0.000        0.000
   392:       29.000        2.000        0.000        0.000        0.000        0.000        0.000        0.000        0.000        0.000        0.000        1.000        0.000        0.000
   406:       30.000        1.000        0.000        0.000        0.000        0.000        0.000        0.000        0.000        0.000        0.000        1.000        0.000        0.000
   420:       31.000        2.000       66.460        0.000        0.000        0.000        0.000        0.000        0.000        1.000        0.000        0.000        0.000        0.000
   434:       32.000        1.000        0.000        0.000        0.000        0.000        0.000        0.000        0.000        0.000        1.000        0.000      103.830        0.000
   448:       33.000        2.000       30.890        0.000        0.000        0.000        0.000        0.000        1.000        0.000        0.000        0.000        0.000        0.000
   462:       34.000        2.000        4.960        0.000        0.000        0.000        0.000        0.000        1.000        0.000        0.000        0.000        0.000        0.000
   476:       35.000        1.000        0.000        0.000        0.000        0.000        2.000        0.000        0.000        0.000        2.000        0.000       39.710        0.000
   490:       36.000        2.000       31.020        0.000        0.000        0.000        0.000        0.000        1.000        0.000        0.000        0.000        0.000        0.000
   504:       37.000        1.000        0.000        0.000        0.000        0.000        0.000        0.000        0.000        0.000        0.000        1.000        0.000        0.000
   518:       38.000        2.000       38.240        0.000        0.000        0.000        0.000        0.000        1.000        0.000        0.000        0.000        0.000        0.000
   532:       39.000        2.000       14.200        0.000        0.000        0.000        0.000        0.000        0.000        1.000        0.000        0.000        0.000        0.000
   546:       40.000        1.000        0.000        0.000        0.000        0.000        0.000        0.000        0.000        0.000        0.000        1.000        0.000        0.000
   560:       41.000        1.000        0.000        0.000        0.000        0.000        0.000        0.000        0.000        0.000        2.000        0.000      118.620        0.000
   574:       42.000        1.000        0.000        0.000        0.000        0.000        0.000        0.000        0.000        0.000        1.000        0.000        2.420        0.000
   588:       43.000        2.000        0.000        0.000        0.000        0.000        0.000        0.000        0.000        0.000        0.000        1.000        0.000        0.000
   602:       44.000        2.000      110.510        0.000        0.000        0.000        0.000        0.000        1.000        0.000        0.000        0.000        0.000        0.000
   616:       45.000        2.000        4.610        0.000        0.000        0.000        0.000        0.000        1.000        0.000        0.000        0.000        0.000        0.000
   630:       46.000        1.000        0.000        0.000        0.000        0.000        0.000        0.000        0.000        0.000        1.000        0.000       73.140        0.000
   644:       47.000        2.000       31.660        0.000        0.000        0.000        0.000        0.000        1.000        0.000        0.000        0.000        0.000        0.000
   658:       51.000        1.000        0.000        0.000        0.000        0.000        0.000        0.000        0.000        0.000        2.000        0.000       28.030        0.000
K:
     0:        1.000        2.000
T:
     0:       25.120     1034.120       28.040      607.270
