File: C:\MED-PC\Data\2017-11-26_17h59m_Subject 423.txt


Start Date: 11/26/17
End Date: 11/26/17
Subject: 423
Experiment: ACI JAX 11.26
Group: 0
Box: 4
Start Time: 17:59:38
End Time: 18:13:54
MSN: Discrimination Tone Training_v3
C:      25.000
D:      24.000
E:       0.000
F:       1.000
G:       2.000
H:       2.000
I:     686.000
J:       0.000
L:       0.000
M:      50.000
N:       2.000
O:       0.000
P:       0.000
Q:       0.000
R:       0.000
S:       0.000
U:       0.000
V:       0.000
W:       0.000
X:       0.000
Y:       0.000
Z:       0.000
A:
     0:     2000.000       75.000       15.000     9000.000       63.000       15.000       10.000        1.000
B:
     0:        1.000        2.000       13.040        0.000        0.000        0.000        1.000        0.000        1.000        0.000        4.000        0.000        1.510        0.000
    14:        2.000        2.000        1.380        0.000        0.000        0.000        0.000        0.000        1.000        0.000        0.000        0.000        0.000        0.000
    28:        3.000        2.000        6.110        0.000        1.000        0.000        0.000       34.640        1.000        0.000        3.000        0.000       12.580        0.000
    42:        4.000        1.000        3.130        0.000        1.000        0.000        0.000        9.990        1.000        0.000        0.000        0.000        0.000        0.000
    56:        5.000        1.000        7.470        0.000        2.000        0.000        0.000        0.750        1.000        0.000        1.000        0.000       18.040       74.490
    70:        6.000        1.000        2.990        0.000        0.000        0.000        0.000        0.000        1.000        0.000        1.000        0.000        0.410        0.000
    84:        7.000        2.000        1.720        0.000        0.000        0.000        0.000        0.000        1.000        0.000        0.000        0.000        0.000        0.000
    98:        8.000        2.000        2.450        0.000        0.000        0.000        0.000        0.000        1.000        0.000        0.000        0.000        0.000        0.000
   112:        9.000        1.000        2.230        0.000        1.000        0.000        0.000       40.230        1.000        0.000        0.000        0.000        0.000        0.000
   126:       10.000        1.000        5.010        0.000        3.000        0.000        0.000        0.950        1.000        0.000        0.000        0.000        0.000        0.000
   140:       11.000        1.000        7.190        0.000        0.000        0.000        0.000        0.000        1.000        0.000        1.000        0.000       60.100        0.000
   154:       12.000        2.000        3.340        0.000        1.000        0.000        0.000       20.390        1.000        0.000        0.000        0.000        0.000        0.000
   168:       13.000        2.000        1.210        0.000        0.000        0.000        0.000        0.000        1.000        0.000        0.000        0.000        0.000        0.000
   182:       14.000        1.000        0.820        0.000        1.000        0.000        0.000       12.960        1.000        0.000        0.000        0.000        0.000        0.000
   196:       15.000        1.000        4.940        0.000        0.000        0.000        0.000        0.000        1.000        0.000        0.000        0.000        0.000        0.000
   210:       16.000        2.000        4.360        0.000        0.000        0.000        0.000        0.000        1.000        0.000        0.000        0.000        0.000        0.000
   224:       17.000        2.000        5.970        1.000        2.000        0.000        0.000        0.000        1.000        0.000        0.000        0.000        0.000        0.000
   238:       18.000        1.000        1.300        0.000        0.000        0.000        0.000        0.000        1.000        0.000        0.000        0.000        0.000        0.000
   252:       19.000        1.000       11.100        0.000        1.000        0.000        0.000       67.570        1.000        0.000        0.000        0.000        0.000        0.000
   266:       20.000        1.000        4.880        0.000        0.000        0.000        0.000        0.000        1.000        0.000        0.000        0.000        0.000        0.000
   280:       21.000        1.000       12.890        0.000        1.000        0.000        0.000       25.010        1.000        0.000        1.000        0.000      146.950      238.530
   294:       22.000        1.000        6.830        0.000        1.000        0.000        0.000        1.070        1.000        0.000        0.000        0.000        0.000        0.000
   308:       23.000        1.000        0.000        0.000        0.000        0.000        0.000        0.000        0.000        0.000        1.000        0.000       32.460        0.000
   322:       24.000        2.000       34.380        0.000        0.000        0.000        0.000        0.000        1.000        0.000        2.000        0.000        3.660        0.000
   336:       25.000        2.000        3.930        0.000        2.000        0.000        0.000       18.550        1.000        0.000        1.000        0.000        0.400       38.330
   350:       26.000        2.000        3.970        0.000        0.000        0.000        0.000        0.000        1.000        0.000        2.000        0.000        0.630        0.000
   364:       27.000        2.000        7.250        0.000        1.000        0.000        0.000        0.000        1.000        0.000        2.000        0.000        0.140        0.000
   378:       28.000        2.000        6.500        0.000        0.000        0.000        0.000        0.000        1.000        0.000        0.000        0.000        0.000        0.000
   392:       29.000        2.000       14.540        0.000        0.000        0.000        0.000        0.000        0.000        1.000        4.000        0.000       19.430        0.000
   406:       30.000        1.000        6.790        0.000        1.000        0.000        0.000       80.130        1.000        0.000        1.000        0.000        0.190       83.470
   420:       31.000        2.000       11.630        0.000        0.000        0.000        0.000        0.000        1.000        0.000        0.000        0.000        0.000        0.000
   434:       32.000        1.000        2.130        0.000        1.000        0.000        0.000       13.950        1.000        0.000        1.000        0.000       22.670        2.910
   448:       33.000        1.000        7.090        0.000        1.000        0.000        0.000        0.950        1.000        0.000        0.000        0.000        0.000        0.000
   462:       34.000        2.000        6.100        0.000        2.000        0.000        0.000        6.920        1.000        0.000        0.000        0.000        0.000        0.000
   476:       35.000        2.000        0.750        0.000        0.000        0.000        0.000        0.000        1.000        0.000        0.000        0.000        0.000        0.000
   490:       36.000        1.000        2.720        0.000        1.000        0.000        0.000       14.670        1.000        0.000        1.000        0.000       47.110        3.560
   504:       37.000        1.000        4.740        0.000        1.000        0.000        0.000        0.850        1.000        0.000        0.000        0.000        0.000        0.000
   518:       38.000        2.000        6.480        0.000        0.000        0.000        0.000        0.000        1.000        0.000        0.000        0.000        0.000        0.000
   532:       39.000        1.000        2.090        0.000        2.000        0.000        0.000       13.810        1.000        0.000        0.000        0.000        0.000        0.000
   546:       40.000        1.000        0.000        0.000        0.000        0.000        1.000        0.000        0.000        0.000        1.000        0.000       59.680        5.660
   560:       41.000        1.000       32.150        0.000        1.000        0.000        0.000        0.660        1.000        0.000        0.000        0.000        0.000        0.000
   574:       42.000        2.000       12.660        0.000        0.000        0.000        0.000        0.000        1.000        0.000        0.000        0.000        0.000        0.000
   588:       43.000        2.000        5.000        0.000        0.000        0.000        0.000        0.000        1.000        0.000        0.000        0.000        0.000        0.000
   602:       44.000        1.000        2.090        0.000        0.000        0.000        0.000        0.000        1.000        0.000        0.000        0.000        0.000        0.000
   616:       45.000        2.000       10.640        0.000        0.000        0.000        0.000        0.000        1.000        0.000        1.000        0.000       76.210        0.000
   630:       46.000        1.000        2.530        0.000        3.000        0.000        0.000       64.930        1.000        0.000        1.000        0.000        0.050       18.430
   644:       47.000        1.000       13.020        0.000        1.000        0.000        0.000        1.340        1.000        0.000        0.000        0.000        0.000        0.000
   658:       48.000        2.000       14.080        0.000        1.000        0.000        0.000        0.000        0.000        1.000        0.000        0.000        0.000        0.000
   672:       50.000        2.000        6.200        0.000        1.000        0.000        0.000       22.600        1.000        0.000        0.000        0.000        0.000        0.000
K:
     0:        1.000        2.000
T:
     0:        6.210       22.610       66.380       18.440
