File: C:\MED-PC\Data\2017-11-25_15h34m_Subject 172.txt


Start Date: 11/25/17
End Date: 11/25/17
Subject: 172
Experiment: ACI JAX 11.25
Group: 0
Box: 3
Start Time: 15:34:26
End Time: 15:49:20
MSN: Discrimination Tone Training_v3
C:      23.000
D:      25.000
E:       0.000
F:       1.000
G:       2.000
H:       3.000
I:     672.000
J:       0.000
L:       0.000
M:      52.000
N:       1.000
O:       0.000
P:       0.000
Q:       0.000
R:       0.000
S:       0.000
U:       0.000
V:       0.000
W:       0.000
X:       0.000
Y:       0.000
Z:       0.000
A:
     0:     2000.000       75.000       15.000     9000.000       63.000       15.000       10.000        1.000
B:
     0:        1.000        2.000        6.950        0.000        0.000        0.000        0.000        0.000        1.000        0.000        0.000        0.000        0.000        0.000
    14:        2.000        2.000        8.820        0.000        0.000        0.000        0.000        0.000        1.000        0.000        1.000        0.000       18.410        0.000
    28:        3.000        1.000        4.620        0.000        2.000        0.000        0.000       37.040        1.000        0.000        0.000        0.000        0.000        0.000
    42:        4.000        2.000        6.320        0.000        0.000        0.000        0.000        0.000        1.000        0.000        1.000        0.000       16.300        0.000
    56:        5.000        2.000        8.250        0.000        0.000        0.000        0.000        0.000        1.000        0.000        1.000        0.000        0.200        0.000
    70:        6.000        2.000        4.830        0.000        0.000        0.000        0.000        0.000        1.000        0.000        0.000        0.000        0.000        0.000
    84:        7.000        1.000        4.020        1.000        3.000        0.000        0.000        0.000        1.000        0.000        0.000        0.000        0.000        0.000
    98:        8.000        2.000        8.190        1.000        0.000        0.000        0.000        0.000        1.000        0.000        1.000        0.000       32.210      108.450
   112:        9.000        1.000        6.270        0.000        5.000        0.000        0.000       87.650        1.000        0.000        0.000        0.000        0.000        0.000
   126:       10.000        2.000        3.270        0.000        1.000        0.000        0.000        8.680        1.000        0.000        0.000        0.000        0.000        0.000
   140:       11.000        2.000        0.000        0.000        0.000        0.000        0.000        0.000        0.000        0.000        3.000        0.000       33.510        0.000
   154:       12.000        1.000       29.470        1.000        3.000        0.000        0.000        0.000        1.000        0.000        0.000        0.000        0.000        0.000
   168:       13.000        2.000        3.140        0.000        0.000        0.000        0.000        0.000        1.000        0.000        0.000        0.000        0.000        0.000
   182:       14.000        1.000        6.130        0.000        1.000        0.000        0.000       32.050        1.000        0.000        0.000        0.000        0.000        0.000
   196:       15.000        2.000       10.730        0.000        1.000        0.000        0.000        3.020        1.000        0.000        2.000        0.000       47.590        0.000
   210:       16.000        1.000       13.350        0.000        1.000        0.000        0.000        4.430        1.000        0.000        0.000        0.000        0.000        0.000
   224:       17.000        1.000       11.320        0.000        2.000        0.000        0.000        5.670        1.000        0.000        2.000        0.000       30.250        0.000
   238:       18.000        2.000        5.130        0.000        1.000        0.000        0.000        9.430        1.000        0.000        0.000        0.000        0.000        0.000
   252:       19.000        1.000        2.330        1.000        3.000        0.000        0.000        0.000        1.000        0.000        0.000        0.000        0.000        0.000
   266:       20.000        2.000        6.900        0.000        1.000        0.000        0.000       27.540        1.000        0.000        1.000        0.000       31.080      184.440
   280:       21.000        2.000        8.310        0.000        1.000        0.000        0.000        9.090        1.000        0.000        1.000        0.000        1.160       16.240
   294:       22.000        2.000        2.020        0.000        1.000        0.000        0.000        7.800        1.000        0.000        0.000        0.000        0.000        0.000
   308:       23.000        1.000        4.180        0.000        2.000        0.000        0.000        6.570        1.000        0.000        3.000        0.000       14.130        0.000
   322:       24.000        2.000        6.830        1.000        1.000        0.000        0.000        0.000        1.000        0.000        0.000        0.000        0.000        0.000
   336:       25.000        2.000        8.980        0.000        1.000        0.000        0.000       27.970        1.000        0.000        1.000        0.000       23.370       48.930
   350:       26.000        1.000        2.790        0.000        5.000        0.000        0.000        7.940        1.000        0.000        0.000        0.000        0.000        0.000
   364:       27.000        1.000        0.000        2.000        0.000        0.000        0.000        0.000        0.000        0.000        0.000        1.000        0.000        0.000
   378:       28.000        2.000       34.620        0.000        1.000        0.000        0.000        9.690        1.000        0.000        0.000        0.000        0.000        0.000
   392:       29.000        2.000        2.410        0.000        1.000        0.000        0.000        9.930        1.000        0.000        0.000        0.000        0.000        0.000
   406:       30.000        1.000        3.620        0.000        3.000        0.000        0.000        0.900        1.000        0.000        0.000        0.000        0.000        0.000
   420:       31.000        2.000        8.470        1.000        0.000        0.000        0.000        0.000        1.000        0.000        1.000        0.000       90.760        3.110
   434:       32.000        1.000        3.290        1.000        3.000        0.000        0.000        0.000        1.000        0.000        0.000        0.000        0.000        0.000
   448:       33.000        1.000        0.000        3.000        0.000        4.000        0.000        0.000        0.000        0.000        0.000        1.000        0.000        0.000
   462:       34.000        1.000       32.800        0.000        2.000        0.000        0.000       59.340        1.000        0.000        1.000        0.000       41.640        6.670
   476:       35.000        2.000        6.060        0.000        0.000        0.000        0.000        0.000        1.000        0.000        0.000        0.000        0.000        0.000
   490:       36.000        1.000        2.950        0.000        3.000        0.000        0.000       15.250        1.000        0.000        0.000        0.000        0.000        0.000
   504:       37.000        2.000        0.000        3.000        0.000        0.000        1.000        0.000        0.000        0.000        1.000        0.000       41.850        9.740
   518:       38.000        1.000       27.350        0.000        9.000        0.000        0.000        1.350        1.000        0.000        0.000        0.000        0.000        0.000
   532:       39.000        2.000        6.530        2.000        0.000        0.000        0.000        0.000        1.000        0.000        0.000        0.000        0.000        0.000
   546:       40.000        1.000        2.530        0.000        3.000        0.000        0.000       14.470        1.000        0.000        0.000        0.000        0.000        0.000
   560:       41.000        1.000        0.000        2.000        0.000        0.000        1.000        0.000        0.000        0.000        1.000        0.000       51.010       13.390
   574:       42.000        2.000       35.560        0.000        0.000        0.000        0.000        0.000        1.000        0.000        0.000        0.000        0.000        0.000
   588:       43.000        2.000        4.790        0.000        0.000        0.000        0.000        0.000        1.000        0.000        0.000        0.000        0.000        0.000
   602:       44.000        2.000        2.680        0.000        0.000        0.000        0.000        0.000        1.000        0.000        0.000        0.000        0.000        0.000
   616:       45.000        1.000        0.200        0.000        1.000        0.000        0.000       42.140        1.000        0.000        0.000        0.000        0.000        0.000
   630:       48.000        1.000        1.970        0.000        3.000        0.000        0.000        0.870        1.000        0.000        0.000        0.000        0.000        0.000
   644:       49.000        1.000        0.630        0.000        4.000        0.000        0.000        1.180        1.000        0.000        0.000        0.000        0.000        0.000
   658:       52.000        1.000        0.000        3.000        2.000        2.000        0.000        0.000        0.000        0.000        0.000        1.000        0.000        0.000
K:
     0:        1.000        2.000
T:
     0:       25.120        1.190      115.000       13.400
