File: C:\MED-PC\Data\2017-11-24_11h59m_Subject 423.txt


Start Date: 11/24/17
End Date: 11/24/17
Subject: 423
Experiment: ACI JAX 11.24
Group: 0
Box: 4
Start Time: 11:59:13
End Time: 12:18:23
MSN: Discrimination Tone Training_v3
C:      25.000
D:      25.000
E:       0.000
F:       1.000
G:       2.000
H:       2.000
I:     700.000
J:       0.000
L:       0.000
M:      50.000
N:       2.000
O:       0.000
P:       0.000
Q:       0.000
R:       0.000
S:       0.000
U:       0.000
V:       0.000
W:       0.000
X:       0.000
Y:       0.000
Z:       0.000
A:
     0:     2000.000       75.000       15.000     9000.000       63.000       15.000       10.000        1.000
B:
     0:        1.000        2.000        0.000        0.000        0.000        0.000        0.000        0.000        0.000        0.000        0.000        1.000        0.000        0.000
    14:        2.000        2.000       30.470        0.000        0.000        0.000        0.000        0.000        1.000        0.000        0.000        0.000        0.000        0.000
    28:        3.000        2.000        1.810        0.000        0.000        0.000        0.000        0.000        1.000        0.000        0.000        0.000        0.000        0.000
    42:        4.000        1.000        0.000        0.000        0.000        0.000        0.000        0.000        0.000        0.000        1.000        0.000       63.940        0.000
    56:        5.000        2.000        0.000        0.000        0.000        0.000        0.000        0.000        0.000        0.000        0.000        1.000        0.000        0.000
    70:        6.000        2.000       57.940        0.000        0.000        0.000        0.000        0.000        1.000        0.000        0.000        0.000        0.000        0.000
    84:        7.000        1.000        9.470        0.000        1.000        0.000        0.000      103.500        1.000        0.000        1.000        0.000       48.420       70.030
    98:        8.000        2.000        3.510        0.000        0.000        0.000        0.000        0.000        1.000        0.000        0.000        0.000        0.000        0.000
   112:        9.000        1.000        6.760        0.000        1.000        0.000        0.000       19.040        1.000        0.000        1.000        0.000       15.580        6.970
   126:       10.000        1.000        0.000        0.000        0.000        0.000        0.000        0.000        0.000        0.000        1.000        0.000        9.590        0.000
   140:       11.000        1.000       37.670        0.000        1.000        0.000        0.000        1.060        1.000        0.000        2.000        0.000        5.470        0.000
   154:       12.000        2.000        6.630        0.000        1.000        0.000        0.000        3.030        1.000        0.000        0.000        0.000        0.000        0.000
   168:       13.000        1.000        6.960        0.000        1.000        0.000        0.000        1.080        1.000        0.000        0.000        0.000        0.000        0.000
   182:       14.000        1.000        0.000        0.000        0.000        0.000        0.000        0.000        0.000        0.000        0.000        1.000        0.000        0.000
   196:       15.000        2.000       29.760        0.000        0.000        0.000        0.000        0.000        1.000        0.000        0.000        0.000        0.000        0.000
   210:       16.000        2.000        3.470        0.000        0.000        0.000        0.000        0.000        1.000        0.000        1.000        0.000       76.460        0.000
   224:       17.000        2.000        4.640        0.000        0.000        0.000        0.000        0.000        1.000        0.000        0.000        0.000        0.000        0.000
   238:       18.000        1.000        5.210        0.000        1.000        0.000        0.000       47.460        1.000        0.000        1.000        0.000       17.930      151.980
   252:       19.000        1.000        0.000        1.000        0.000        0.000        0.000        0.000        0.000        0.000        0.000        1.000        0.000        0.000
   266:       20.000        2.000       29.740        0.000        0.000        2.000        0.000        0.000        1.000        0.000        0.000        0.000        0.000        0.000
   280:       21.000        1.000        3.880        0.000        0.000        0.000        0.000        0.000        1.000        0.000        2.000        0.000       42.250        0.000
   294:       22.000        1.000        0.000        0.000        0.000        0.000        0.000        0.000        0.000        0.000        0.000        1.000        0.000        0.000
   308:       23.000        1.000       26.880        0.000        1.000        0.000        0.000       54.920        1.000        0.000        0.000        0.000        0.000        0.000
   322:       24.000        2.000        8.920        0.000        0.000        0.000        0.000        0.000        1.000        0.000        0.000        0.000        0.000        0.000
   336:       25.000        1.000        0.000        0.000        0.000        0.000        0.000        0.000        0.000        0.000        1.000        0.000       59.940        0.000
   350:       26.000        2.000       30.890        0.000        0.000        0.000        0.000        0.000        1.000        0.000        1.000        0.000        0.650        0.000
   364:       27.000        1.000        8.760        0.000       11.000        0.000        0.000        0.000        1.000        0.000        0.000        0.000        0.000        0.000
   378:       28.000        2.000        5.890        0.000        0.000        0.000        0.000        0.000        1.000        0.000        0.000        0.000        0.000        0.000
   392:       29.000        1.000        4.300        0.000        0.000        0.000        0.000        0.000        1.000        0.000        0.000        0.000        0.000        0.000
   406:       30.000        2.000        6.550        0.000        0.000        0.000        0.000        0.000        1.000        0.000        0.000        0.000        0.000        0.000
   420:       31.000        1.000        9.600        0.000        1.000        0.000        0.000      133.280        1.000        0.000        1.000        0.000       75.570      193.540
   434:       32.000        1.000        0.000        1.000        0.000        0.000        0.000        0.000        0.000        0.000        0.000        1.000        0.000        0.000
   448:       33.000        1.000       40.390        0.000        1.000        0.000        0.000        1.190        1.000        0.000        0.000        0.000        0.000        0.000
   462:       34.000        1.000        0.000        1.000        0.000        0.000        0.000        0.000        0.000        0.000        0.000        1.000        0.000        0.000
   476:       35.000        2.000       38.890        0.000        0.000        0.000        0.000        0.000        1.000        0.000        0.000        0.000        0.000        0.000
   490:       36.000        2.000        3.220        0.000        0.000        0.000        0.000        0.000        1.000        0.000        0.000        0.000        0.000        0.000
   504:       37.000        1.000       10.550        0.000        1.000        0.000        0.000       36.800        1.000        0.000        0.000        0.000        0.000        0.000
   518:       38.000        2.000       14.940        0.000        0.000        0.000        0.000        0.000        0.000        1.000        0.000        0.000        0.000        0.000
   532:       39.000        1.000        4.730        2.000        4.000        0.000        0.000        0.000        1.000        0.000        0.000        0.000        0.000        0.000
   546:       40.000        2.000        5.670        0.000        0.000        0.000        0.000        0.000        1.000        0.000        0.000        0.000        0.000        0.000
   560:       41.000        2.000        6.130        0.000        0.000        0.000        0.000        0.000        1.000        0.000        0.000        0.000        0.000        0.000
   574:       42.000        2.000        6.390        0.000        0.000        0.000        0.000        0.000        1.000        0.000        0.000        0.000        0.000        0.000
   588:       43.000        2.000        2.780        0.000        0.000        0.000        0.000        0.000        1.000        0.000        1.000        0.000      230.910        0.000
   602:       44.000        2.000       13.120        0.000        0.000        0.000        0.000        0.000        1.000        0.000        1.000        0.000        7.050        0.000
   616:       45.000        1.000        0.840        0.000        2.000        0.000        0.000      118.180        1.000        0.000        0.000        0.000        0.000        0.000
   630:       46.000        1.000        0.000        1.000        0.000        0.000        0.000        0.000        0.000        0.000        0.000        1.000        0.000        0.000
   644:       47.000        1.000       30.930        0.000        1.000        0.000        0.000        1.080        1.000        0.000        1.000        0.000       39.000       81.110
   658:       48.000        2.000       10.370        0.000        0.000        0.000        0.000        0.000        1.000        0.000        0.000        0.000        0.000        0.000
   672:       49.000        1.000        0.000        0.000        0.000        0.000        0.000        0.000        0.000        0.000        1.000        0.000       33.040        0.000
   686:       50.000        2.000       26.420        0.000        0.000        0.000        0.000        0.000        1.000        0.000        0.000        0.000        0.000        0.000
K:
     0:        1.000        2.000
T:
     0:       26.430       47.460       10.310       24.790
