File: C:\MED-PC\Data\2017-11-27_10h28m_Subject 175.txt


Start Date: 11/27/17
End Date: 11/27/17
Subject: 175
Experiment: ACI JAX 11.27
Group: 0
Box: 1
Start Time: 10:28:32
End Time: 10:46:36
MSN: Discrimination Tone Training_v3
C:      23.000
D:      25.000
E:       0.000
F:       1.000
G:       2.000
H:       4.000
I:     672.000
J:       0.000
L:       0.000
M:      52.000
N:       1.000
O:       0.000
P:       0.000
Q:       0.000
R:       0.000
S:       0.000
U:       0.000
V:       0.000
W:       0.000
X:       0.000
Y:       0.000
Z:       0.000
A:
     0:     2000.000       75.000       10.000     9000.000       63.000       10.000       10.000        1.000
B:
     0:        1.000        1.000        0.000        1.000        0.000        0.000        0.000        0.000        0.000        0.000        2.000        0.000        4.700        0.000
    14:        2.000        2.000       25.560        0.000        0.000        0.000        0.000        0.000        1.000        0.000        0.000        0.000        0.000        0.000
    28:        3.000        2.000        3.850        1.000        0.000        0.000        0.000        0.000        1.000        0.000        0.000        0.000        0.000        0.000
    42:        4.000        2.000        0.750        0.000        0.000        0.000        0.000        0.000        1.000        0.000        0.000        0.000        0.000        0.000
    56:        5.000        2.000        2.190        0.000        0.000        0.000        0.000        0.000        1.000        0.000        0.000        0.000        0.000        0.000
    70:        6.000        1.000        7.790        0.000        3.000        0.000        0.000       60.410        1.000        0.000        1.000        0.000       56.720       81.270
    84:        7.000        2.000        2.090        0.000        0.000        0.000        0.000        0.000        1.000        0.000        0.000        0.000        0.000        0.000
    98:        8.000        2.000        0.490        0.000        0.000        0.000        0.000        0.000        1.000        0.000        0.000        0.000        0.000        0.000
   112:        9.000        2.000        9.660        0.000        0.000        0.000        0.000        0.000        0.000        1.000        0.000        0.000        0.000        0.000
   126:       10.000        1.000        0.000        2.000        0.000        0.000        0.000        0.000        0.000        0.000        1.000        0.000       53.950        0.000
   140:       11.000        2.000       30.250        0.000        0.000        0.000        0.000        0.000        0.000        1.000        0.000        0.000        0.000        0.000
   154:       12.000        2.000        2.420        0.000        0.000        0.000        0.000        0.000        1.000        0.000        0.000        0.000        0.000        0.000
   168:       13.000        1.000        0.000        0.000        0.000        0.000        0.000        0.000        0.000        0.000        1.000        0.000       35.100        0.000
   182:       14.000        2.000       24.580        0.000        0.000        0.000        0.000        0.000        1.000        0.000        0.000        0.000        0.000        0.000
   196:       15.000        1.000        0.000        0.000        0.000        0.000        0.000        0.000        0.000        0.000        2.000        0.000       17.360        0.000
   210:       16.000        2.000       22.360        0.000        0.000        0.000        0.000        0.000        1.000        0.000        0.000        0.000        0.000        0.000
   224:       17.000        1.000        3.400        0.000        2.000        0.000        0.000      172.110        1.000        0.000        0.000        0.000        0.000        0.000
   238:       18.000        2.000        4.610        0.000        0.000        0.000        0.000        0.000        1.000        0.000        0.000        0.000        0.000        0.000
   252:       19.000        2.000        0.290        0.000        0.000        0.000        0.000        0.000        1.000        0.000        0.000        0.000        0.000        0.000
   266:       20.000        1.000        5.680        0.000        3.000        0.000        0.000       29.350        1.000        0.000        0.000        0.000        0.000        0.000
   280:       21.000        1.000        5.990        0.000        2.000        0.000        0.000        0.000        1.000        0.000        0.000        0.000        0.000        0.000
   294:       22.000        2.000        2.570        0.000        0.000        0.000        0.000        0.000        1.000        0.000        1.000        0.000       87.400        0.000
   308:       23.000        1.000        0.000        0.000        0.000        0.000        0.000        0.000        0.000        0.000        0.000        1.000        0.000        0.000
   322:       24.000        2.000        0.000        0.000        0.000        0.000        0.000        0.000        0.000        0.000        0.000        1.000        0.000        0.000
   336:       25.000        2.000       49.600        0.000        0.000        0.000        0.000        0.000        1.000        0.000        0.000        0.000        0.000        0.000
   350:       26.000        1.000        0.000        0.000        0.000        0.000        0.000        0.000        0.000        0.000        2.000        0.000       62.330        0.000
   364:       27.000        2.000       24.340        0.000        0.000        0.000        0.000        0.000        1.000        0.000        0.000        0.000        0.000        0.000
   378:       28.000        2.000        5.070        0.000        0.000        0.000        0.000        0.000        1.000        0.000        0.000        0.000        0.000        0.000
   392:       29.000        1.000        0.000        0.000        0.000        0.000        0.000        0.000        0.000        0.000        3.000        0.000       30.770        0.000
   406:       30.000        1.000       27.490        0.000        1.000        0.000        0.000      165.160        1.000        0.000        1.000        0.000        0.560      344.360
   420:       31.000        1.000        0.570        0.000        2.000        0.000        0.000        2.010        1.000        0.000        0.000        0.000        0.000        0.000
   434:       32.000        2.000        3.040        0.000        0.000        0.000        0.000        0.000        1.000        0.000        1.000        0.000       12.050        0.000
   448:       33.000        2.000        6.790        0.000        0.000        0.000        0.000        0.000        1.000        0.000        0.000        0.000        0.000        0.000
   462:       34.000        2.000        9.620        0.000        0.000        0.000        0.000        0.000        0.000        1.000        0.000        0.000        0.000        0.000
   476:       35.000        1.000        2.990        0.000        7.000        0.000        0.000        0.000        1.000        0.000        0.000        0.000        0.000        0.000
   490:       36.000        1.000        0.670        0.000        4.000        0.000        0.000       65.660        1.000        0.000        0.000        0.000        0.000        0.000
   504:       37.000        1.000        4.540        0.000        0.000        0.000        0.000        0.000        1.000        0.000        0.000        0.000        0.000        0.000
   518:       38.000        2.000        9.520        0.000        0.000        0.000        0.000        0.000        0.000        1.000        0.000        0.000        0.000        0.000
   532:       39.000        1.000        0.730        0.000        3.000        0.000        0.000       33.270        1.000        0.000        0.000        0.000        0.000        0.000
   546:       40.000        1.000        0.000        0.000        0.000        0.000        0.000        0.000        0.000        0.000        2.000        0.000      114.050        0.000
   560:       41.000        1.000       24.830        0.000        1.000        0.000        0.000        1.620        1.000        0.000        0.000        0.000        0.000        0.000
   574:       42.000        1.000        0.000        0.000        0.000        0.000        0.000        0.000        0.000        0.000        2.000        0.000       17.840        0.000
   588:       43.000        1.000        0.000        0.000        0.000        0.000        0.000        0.000        0.000        0.000        1.000        0.000        6.920        0.000
   602:       44.000        1.000        0.000        0.000        0.000        0.000        0.000        0.000        0.000        0.000        1.000        0.000        3.380        0.000
   616:       45.000        2.000       69.720        0.000        0.000        0.000        0.000        0.000        1.000        0.000        0.000        0.000        0.000        0.000
   630:       46.000        2.000        0.000        0.000        0.000        0.000        0.000        0.000        0.000        0.000        0.000        1.000        0.000        0.000
   644:       47.000        2.000       28.250        0.000        0.000        0.000        0.000        0.000        1.000        0.000        0.000        0.000        0.000        0.000
   658:       52.000        1.000        0.000        0.000        0.000        0.000        0.000        0.000        0.000        0.000        1.000        0.000       62.660        0.000
K:
     0:        1.000        2.000
T:
     0:       20.120       74.420       62.670      305.690
