File: C:\MED-PC\Data\2017-11-20_10h44m_Subject 175.txt


Start Date: 11/20/17
End Date: 11/20/17
Subject: 175
Experiment: ACI JAX 11.20
Group: 0
Box: 1
Start Time: 10:44:10
End Time: 11:05:15
MSN: Discrimination Tone Training_v3
C:      22.000
D:      25.000
E:       0.000
F:       1.000
G:       2.000
H:       2.000
I:     658.000
J:       0.000
L:       0.000
M:      54.000
N:       1.000
O:       0.000
P:       0.000
Q:       0.000
R:       0.000
S:       0.000
U:       0.000
V:       0.000
W:       0.000
X:       0.000
Y:       0.000
Z:       0.000
A:
     0:     2000.000       75.000       15.000     9000.000       63.000       15.000       10.000        1.000
B:
     0:        1.000        1.000        0.000        0.000        0.000        0.000        0.000        0.000        0.000        0.000        2.000        0.000        9.570        0.000
    14:        2.000        2.000       32.680        0.000        0.000        0.000        0.000        0.000        1.000        0.000        0.000        0.000        0.000        0.000
    28:        3.000        2.000        8.850        0.000        0.000        0.000        0.000        0.000        1.000        0.000        0.000        0.000        0.000        0.000
    42:        4.000        2.000        6.080        0.000        0.000        0.000        0.000        0.000        1.000        0.000        0.000        0.000        0.000        0.000
    56:        5.000        1.000        0.000        0.000        0.000        0.000        0.000        0.000        0.000        0.000        3.000        0.000       56.080        0.000
    70:        6.000        2.000       30.910        0.000        1.000        0.000        0.000       84.010        1.000        0.000        0.000        0.000        0.000        0.000
    84:        7.000        2.000        5.950        0.000        0.000        0.000        0.000        0.000        1.000        0.000        0.000        0.000        0.000        0.000
    98:        8.000        2.000        6.350        0.000        1.000        0.000        0.000       22.850        1.000        0.000        0.000        0.000        0.000        0.000
   112:        9.000        1.000        0.000        4.000        0.000        0.000        0.000        0.000        0.000        0.000        2.000        0.000       51.670        0.000
   126:       10.000        2.000       32.860        0.000        0.000        0.000        0.000        0.000        1.000        0.000        0.000        0.000        0.000        0.000
   140:       11.000        1.000        0.000        2.000        0.000        0.000        0.000        0.000        0.000        0.000        2.000        0.000       22.410        0.000
   154:       12.000        2.000       27.930        0.000        0.000        0.000        0.000        0.000        1.000        0.000        0.000        0.000        0.000        0.000
   168:       13.000        1.000        0.000        0.000        0.000        0.000        0.000        0.000        0.000        0.000        2.000        0.000       15.450        0.000
   182:       14.000        1.000        0.000        0.000        0.000        0.000        0.000        0.000        0.000        0.000        0.000        1.000        0.000        0.000
   196:       15.000        2.000       63.970        0.000        0.000        0.000        0.000        0.000        1.000        0.000        0.000        0.000        0.000        0.000
   210:       16.000        2.000        3.450        0.000        0.000        0.000        0.000        0.000        1.000        0.000        0.000        0.000        0.000        0.000
   224:       17.000        2.000       14.560        0.000        0.000        0.000        0.000        0.000        0.000        1.000        0.000        0.000        0.000        0.000
   238:       18.000        2.000        0.870        0.000        0.000        0.000        0.000        0.000        1.000        0.000        0.000        0.000        0.000        0.000
   252:       19.000        2.000        1.010        0.000        0.000        0.000        0.000        0.000        1.000        0.000        0.000        0.000        0.000        0.000
   266:       20.000        1.000        9.510        0.000        2.000        0.000        0.000      201.120        1.000        0.000        0.000        0.000        0.000        0.000
   280:       21.000        1.000        4.670        2.000        2.000        0.000        0.000        0.000        1.000        0.000        0.000        0.000        0.000        0.000
   294:       22.000        2.000        0.000        0.000        0.000        0.000        0.000        0.000        0.000        0.000        1.000        0.000      152.460        0.000
   308:       23.000        1.000       27.790        0.000        1.000        0.000        0.000       41.670        1.000        0.000        0.000        0.000        0.000        0.000
   322:       24.000        1.000        8.070        0.000        2.000        0.000        0.000        1.650        1.000        0.000        0.000        0.000        0.000        0.000
   336:       25.000        1.000        6.920        1.000        2.000        0.000        0.000        0.000        1.000        0.000        0.000        0.000        0.000        0.000
   350:       26.000        2.000        0.000        2.000        0.000        0.000        2.000        0.000        0.000        0.000        2.000        0.000       58.000        0.000
   364:       27.000        2.000        0.000        1.000        0.000        0.000        0.000        0.000        0.000        0.000        0.000        1.000        0.000        0.000
   378:       28.000        2.000       59.160        0.000        0.000        0.000        0.000        0.000        1.000        0.000        0.000        0.000        0.000        0.000
   392:       29.000        2.000        0.000        0.000        0.000        0.000        0.000        0.000        0.000        0.000        0.000        1.000        0.000        0.000
   406:       30.000        2.000       35.990        0.000        0.000        0.000        0.000        0.000        1.000        0.000        1.000        0.000       73.890        0.000
   420:       31.000        2.000        8.180        0.000        2.000        0.000        0.000      142.040        1.000        0.000        0.000        0.000        0.000        0.000
   434:       32.000        1.000        1.440        0.000        2.000        0.000        0.000        1.720        1.000        0.000        0.000        0.000        0.000        0.000
   448:       33.000        2.000       11.720        0.000        0.000        0.000        0.000        0.000        1.000        0.000        0.000        0.000        0.000        0.000
   462:       34.000        1.000        1.490        0.000        9.000        0.000        0.000       14.010        1.000        0.000        0.000        0.000        0.000        0.000
   476:       35.000        1.000        8.580        2.000        3.000        0.000        0.000        0.000        1.000        0.000        0.000        0.000        0.000        0.000
   490:       36.000        1.000        0.470        0.000        2.000        0.000        0.000       12.910        1.000        0.000        0.000        0.000        0.000        0.000
   504:       37.000        2.000       12.340        0.000        2.000        0.000        0.000        7.830        1.000        0.000        1.000        0.000      102.150      716.840
   518:       38.000        2.000        0.000        0.000        0.000        0.000        0.000        0.000        0.000        0.000        2.000        0.000        2.070        0.000
   532:       39.000        1.000       40.390        0.000        2.000        0.000        0.000        0.970        1.000        0.000        0.000        0.000        0.000        0.000
   546:       40.000        1.000        0.000        3.000        0.000        3.000        0.000        0.000        0.000        0.000        0.000        1.000        0.000        0.000
   560:       41.000        2.000        0.000        2.000        0.000        0.000        2.000        0.000        0.000        0.000        3.000        0.000       54.600        0.000
   574:       42.000        1.000       55.440        2.000        2.000        0.000        0.000        0.000        1.000        0.000        0.000        0.000        0.000        0.000
   588:       43.000        1.000        2.930        0.000        4.000        0.000        0.000        0.000        1.000        0.000        0.000        0.000        0.000        0.000
   602:       44.000        2.000        0.000        1.000        2.000        0.000        1.000        0.000        0.000        0.000        3.000        0.000       30.740      133.320
   616:       45.000        1.000       28.070        1.000        2.000        0.000        0.000        0.000        1.000        0.000        0.000        0.000        0.000        0.000
   630:       47.000        1.000        3.680        2.000        2.000        0.000        0.000        0.000        1.000        0.000        0.000        0.000        0.000        0.000
   644:       54.000        1.000        2.470        1.000        2.000        0.000        0.000        0.000        1.000        0.000        0.000        0.000        0.000        0.000
K:
     0:        1.000        2.000
T:
     0:        2.480       98.280       47.170      133.330
