File: C:\MED-PC\Data\2017-11-23_10h37m_Subject 175.txt


Start Date: 11/23/17
End Date: 11/23/17
Subject: 175
Experiment: 
Group: 
Box: 1
Start Time: 10:37:26
End Time: 10:57:16
MSN: Discrimination Tone Training_v3
C:      25.000
D:      25.000
E:       0.000
F:       1.000
G:       2.000
H:       4.000
I:     700.000
J:       0.000
L:       0.000
M:      50.000
N:       1.000
O:       0.000
P:       0.000
Q:       0.000
R:       0.000
S:       0.000
U:       0.000
V:       0.000
W:       0.000
X:       0.000
Y:       0.000
Z:       0.000
A:
     0:     2000.000       75.000       15.000     9000.000       63.000       15.000       10.000        1.000
B:
     0:        1.000        1.000        0.000        0.000        0.000        0.000        4.000        0.000        0.000        0.000        6.000        0.000        0.950        0.000
    14:        2.000        2.000       28.040        0.000        0.000        0.000        1.000        0.000        1.000        0.000        0.000        0.000        0.000        0.000
    28:        3.000        2.000        2.230        0.000        0.000        0.000        0.000        0.000        1.000        0.000        0.000        0.000        0.000        0.000
    42:        4.000        2.000       11.960       16.000        3.000        0.000        0.000        0.000        1.000        0.000        0.000        0.000        0.000        0.000
    56:        5.000        2.000        5.140        0.000        0.000        0.000        0.000        0.000        1.000        0.000        0.000        0.000        0.000        0.000
    70:        6.000        1.000        0.000        5.000        0.000        0.000        0.000        0.000        0.000        0.000        3.000        0.000       69.140        0.000
    84:        7.000        1.000       29.020        0.000        1.000        0.000        0.000       94.240        1.000        0.000        0.000        0.000        0.000        0.000
    98:        8.000        2.000        6.500        0.000        0.000        0.000        0.000        0.000        1.000        0.000        2.000        0.000       14.580        0.000
   112:        9.000        2.000       10.760        1.000        0.000        0.000        0.000        0.000        1.000        0.000        0.000        0.000        0.000        0.000
   126:       10.000        2.000        2.290        0.000        6.000        0.000        0.000       39.240        1.000        0.000        0.000        0.000        0.000        0.000
   140:       11.000        2.000        7.610        0.000        0.000        0.000        0.000        0.000        1.000        0.000        3.000        0.000       35.640        0.000
   154:       12.000        2.000       10.770        0.000        0.000        0.000        0.000        0.000        1.000        0.000        0.000        0.000        0.000        0.000
   168:       13.000        1.000        0.000        0.000        0.000        0.000        0.000        0.000        0.000        0.000        1.000        0.000       26.640        0.000
   182:       14.000        2.000       27.210        0.000        0.000        0.000        0.000        0.000        1.000        0.000        0.000        0.000        0.000        0.000
   196:       15.000        1.000        0.870        0.000        4.000        0.000        0.000       73.290        1.000        0.000        0.000        0.000        0.000        0.000
   210:       16.000        2.000       13.510        1.000        0.000        0.000        0.000        0.000        1.000        0.000        2.000        0.000       27.080      277.690
   224:       17.000        1.000        0.000        0.000        0.000        0.000        0.000        0.000        0.000        0.000        0.000        1.000        0.000        0.000
   238:       18.000        2.000       37.010        0.000        1.000        0.000        0.000       55.780        1.000        0.000        3.000        0.000       27.570        0.000
   252:       19.000        2.000       13.050        1.000        0.000        0.000        0.000        0.000        1.000        0.000        2.000        0.000        2.940        0.000
   266:       20.000        2.000        3.250        0.000        0.000        0.000        0.000        0.000        1.000        0.000        0.000        0.000        0.000        0.000
   280:       21.000        2.000        1.830        0.000        0.000        0.000        0.000        0.000        1.000        0.000        0.000        0.000        0.000        0.000
   294:       22.000        1.000        9.270        0.000        4.000        0.000        0.000       49.280        1.000        0.000        0.000        0.000        0.000        0.000
   308:       23.000        2.000        0.000        5.000        0.000        0.000        0.000        0.000        0.000        0.000        4.000        0.000       48.070        0.000
   322:       24.000        2.000       30.700        0.000        0.000        0.000        0.000        0.000        1.000        0.000        1.000        0.000        1.360        0.000
   336:       25.000        1.000        0.000        0.000        0.000        0.000        0.000        0.000        0.000        0.000        0.000        1.000        0.000        0.000
   350:       26.000        1.000        0.000        0.000        0.000        0.000        0.000        0.000        0.000        0.000        1.000        0.000       35.970        0.000
   364:       27.000        1.000        0.000        0.000        0.000        0.000        0.000        0.000        0.000        0.000        2.000        0.000       11.330        0.000
   378:       28.000        2.000       85.070        0.000        0.000        0.000        0.000        0.000        1.000        0.000        1.000        0.000        0.800        0.000
   392:       29.000        2.000        3.440        0.000        0.000        0.000        0.000        0.000        1.000        0.000        0.000        0.000        0.000        0.000
   406:       30.000        1.000        0.000        0.000        0.000        0.000        0.000        0.000        0.000        0.000        2.000        0.000       23.980        0.000
   420:       31.000        1.000       35.440        0.000        2.000        0.000        0.000      158.480        1.000        0.000        1.000        0.000        0.340      281.170
   434:       32.000        1.000        3.440        1.000        1.000        0.000        0.000        0.000        1.000        0.000        0.000        0.000        0.000        0.000
   448:       33.000        2.000        3.750        0.000        0.000        0.000        0.000        0.000        1.000        0.000        0.000        0.000        0.000        0.000
   462:       34.000        1.000        3.720        0.000        0.000        0.000        0.000        0.000        1.000        0.000        0.000        0.000        0.000        0.000
   476:       35.000        1.000        5.070        1.000        0.000        0.000        0.000        0.000        1.000        0.000        0.000        0.000        0.000        0.000
   490:       36.000        1.000        3.100        0.000        4.000        0.000        0.000        0.000        1.000        0.000        0.000        0.000        0.000        0.000
   504:       37.000        1.000        0.380        0.000        1.000        0.000        0.000       72.150        1.000        0.000        0.000        0.000        0.000        0.000
   518:       38.000        1.000        2.930        0.000        1.000        0.000        0.000        1.760        1.000        0.000        0.000        0.000        0.000        0.000
   532:       39.000        1.000        2.110        0.000        2.000        0.000        0.000        0.960        1.000        0.000        0.000        0.000        0.000        0.000
   546:       40.000        1.000        6.480        1.000        1.000        0.000        0.000        0.000        1.000        0.000        0.000        0.000        0.000        0.000
   560:       41.000        1.000        3.290        2.000        1.000        0.000        0.000        0.000        1.000        0.000        0.000        0.000        0.000        0.000
   574:       42.000        2.000       14.840        1.000        0.000        0.000        0.000        0.000        0.000        1.000        1.000        0.000      147.810        0.000
   588:       43.000        2.000        1.340        0.000        0.000        0.000        0.000        0.000        1.000        0.000        0.000        0.000        0.000        0.000
   602:       44.000        2.000        1.960        0.000        0.000        0.000        0.000        0.000        1.000        0.000        0.000        0.000        0.000        0.000
   616:       45.000        1.000        3.000        0.000        1.000        0.000        0.000       81.360        1.000        0.000        0.000        0.000        0.000        0.000
   630:       46.000        2.000        6.940        0.000        1.000        0.000        0.000        0.000        1.000        0.000        1.000        0.000       42.080        0.000
   644:       47.000        2.000       10.190        0.000        0.000        0.000        0.000        0.000        1.000        0.000        0.000        0.000        0.000        0.000
   658:       48.000        1.000        0.000        0.000        0.000        0.000        0.000        0.000        0.000        0.000        2.000        0.000       24.000        0.000
   672:       49.000        1.000        0.000        0.000        0.000        0.000        0.000        0.000        0.000        0.000        3.000        0.000        3.820        0.000
   686:       50.000        1.000        0.000        0.000        0.000        0.000        0.000        0.000        0.000        0.000        2.000        0.000        0.810        0.000
K:
     0:        1.000        2.000
T:
     0:       77.380      109.620        0.820      178.580
