File: C:\MED-PC\Data\2017-11-13_17h24m_Subject 414.txt


Start Date: 11/13/17
End Date: 11/13/17
Subject: 414
Experiment: 0
Group: 0
Box: 3
Start Time: 17:24:05
End Time: 17:51:20
MSN: Discrimination Tone Training_v3
C:      23.000
D:      25.000
E:       0.000
F:       1.000
G:       2.000
H:       2.000
I:     672.000
J:       0.000
L:       0.000
M:      52.000
N:       1.000
O:       0.000
P:       0.000
Q:       0.000
R:       0.000
S:       0.000
U:       0.000
V:       0.000
W:       0.000
X:       0.000
Y:       0.000
Z:       0.000
A:
     0:     2000.000       75.000       30.000     9000.000       63.000       30.000       10.000        1.000
B:
     0:        1.000        2.000        0.000        0.000        0.000        0.000        0.000        0.000        0.000        0.000        0.000        1.000        0.000        0.000
    14:        2.000        1.000        0.000        0.000        0.000        0.000        0.000        0.000        0.000        0.000        3.000        0.000       46.790        0.000
    28:        3.000        2.000       84.120        0.000        0.000        0.000        0.000        0.000        1.000        0.000        0.000        0.000        0.000        0.000
    42:        4.000        2.000        1.330        0.000        0.000        0.000        0.000        0.000        1.000        0.000        0.000        0.000        0.000        0.000
    56:        5.000        2.000       11.620        0.000        0.000        0.000        0.000        0.000        1.000        0.000        0.000        0.000        0.000        0.000
    70:        6.000        2.000        0.480        0.000        0.000        0.000        0.000        0.000        1.000        0.000        0.000        0.000        0.000        0.000
    84:        7.000        2.000        3.420        0.000        0.000        0.000        0.000        0.000        1.000        0.000        0.000        0.000        0.000        0.000
    98:        8.000        1.000        0.000        0.000        0.000        0.000        0.000        0.000        0.000        0.000        0.000        1.000        0.000        0.000
   112:        9.000        1.000        0.000        0.000        0.000        0.000        0.000        0.000        0.000        0.000        0.000        1.000        0.000        0.000
   126:       10.000        1.000       91.380        0.000        3.000        0.000        0.000      165.300        1.000        0.000        0.000        0.000        0.000        0.000
   140:       11.000        1.000        7.640        0.000        0.000        0.000        0.000        0.000        1.000        0.000        2.000        0.000      177.800        0.000
   154:       12.000        2.000       26.250        0.000        0.000        0.000        0.000        0.000        1.000        0.000        2.000        0.000        4.260        0.000
   168:       13.000        2.000        0.000        0.000        0.000        0.000        0.000        0.000        0.000        0.000        2.000        0.000        6.580        0.000
   182:       14.000        1.000       54.830        0.000        0.000        0.000        0.000        0.000        1.000        0.000        0.000        0.000        0.000        0.000
   196:       15.000        1.000       13.620        0.000        2.000        0.000        0.000      128.950        1.000        0.000        1.000        0.000       30.870      348.330
   210:       16.000        2.000        0.000        6.000        0.000        0.000        0.000        0.000        0.000        0.000        0.000        1.000        0.000        0.000
   224:       17.000        1.000       46.210        0.000        2.000        0.000        0.000        1.710        1.000        0.000        0.000        0.000        0.000        0.000
   238:       18.000        1.000       10.560        0.000        4.000        0.000        0.000        1.270        1.000        0.000        0.000        0.000        0.000        0.000
   252:       19.000        2.000        0.000        2.000        0.000        0.000        0.000        0.000        0.000        0.000        1.000        0.000       98.500        0.000
   266:       20.000        1.000       58.740        0.000        2.000        0.000        0.000        1.820        1.000        0.000        0.000        0.000        0.000        0.000
   280:       21.000        2.000       18.420        0.000        2.000        0.000        0.000        0.000        1.000        0.000        0.000        0.000        0.000        0.000
   294:       22.000        2.000        6.010        0.000        0.000        0.000        0.000        0.000        1.000        0.000        0.000        0.000        0.000        0.000
   308:       23.000        1.000        0.000        0.000        0.000        0.000        0.000        0.000        0.000        0.000        1.000        0.000       79.810        0.000
   322:       24.000        1.000       63.580        3.000        2.000        0.000        0.000        0.000        1.000        0.000        3.000        0.000        9.710        0.000
   336:       25.000        1.000       19.810        0.000        2.000        0.000        0.000      123.500        1.000        0.000        2.000        0.000        7.690        0.000
   350:       26.000        1.000        2.440        0.000        4.000        0.000        0.000        1.160        1.000        0.000        0.000        0.000        0.000        0.000
   364:       27.000        1.000       19.170        4.000        2.000        0.000        0.000        0.000        1.000        0.000        0.000        0.000        0.000        0.000
   378:       28.000        2.000        0.000        3.000        0.000        0.000        0.000        0.000        0.000        0.000        1.000        0.000       69.170        0.000
   392:       29.000        1.000       48.590        0.000        1.000        0.000        0.000       69.000        1.000        0.000        0.000        0.000        0.000        0.000
   406:       30.000        1.000        4.090        0.000        4.000        0.000        0.000        0.000        1.000        0.000        0.000        0.000        0.000        0.000
   420:       31.000        2.000        0.000        0.000        0.000        0.000        1.000        0.000        0.000        0.000        4.000        0.000       37.410        0.000
   434:       32.000        2.000        0.000        0.000        0.000        0.000        0.000        0.000        0.000        0.000        1.000        0.000        5.740        0.000
   448:       33.000        1.000      111.420        0.000        3.000        0.000        0.000      123.430        1.000        0.000        2.000        0.000       11.360        0.000
   462:       34.000        1.000       18.500        3.000        2.000        0.000        0.000        0.000        1.000        0.000        0.000        0.000        0.000        0.000
   476:       35.000        2.000        0.000        0.000        0.000        0.000        0.000        0.000        0.000        0.000        1.000        0.000       34.210        0.000
   490:       36.000        2.000       65.090        0.000        0.000        0.000        0.000        0.000        1.000        0.000        1.000        0.000        4.430        0.000
   504:       37.000        2.000        1.130        0.000        0.000        0.000        0.000        0.000        1.000        0.000        0.000        0.000        0.000        0.000
   518:       38.000        2.000        7.160        0.000        0.000        0.000        0.000        0.000        1.000        0.000        0.000        0.000        0.000        0.000
   532:       39.000        1.000        3.370        0.000        4.000        0.000        0.000      122.000        1.000        0.000        0.000        0.000        0.000        0.000
   546:       40.000        2.000        0.000        0.000        1.000        0.000        0.000        0.000        0.000        0.000        2.000        0.000       53.110        0.000
   560:       41.000        2.000        0.000        0.000        0.000        0.000        0.000        0.000        0.000        0.000        2.000        0.000       17.660        0.000
   574:       42.000        1.000      101.410        0.000        5.000        0.000        0.000        1.310        1.000        0.000        0.000        0.000        0.000        0.000
   588:       43.000        1.000       10.230        1.000        9.000        0.000        0.000        0.000        1.000        0.000        0.000        0.000        0.000        0.000
   602:       44.000        2.000       12.040        0.000        0.000        0.000        0.000        0.000        1.000        0.000        1.000        0.000       52.240        0.000
   616:       45.000        2.000       23.880        0.000        0.000        0.000        0.000        0.000        1.000        0.000        2.000        0.000        1.100        0.000
   630:       46.000        2.000        0.000        0.000        0.000        0.000        0.000        0.000        0.000        0.000        1.000        0.000        1.820        0.000
   644:       47.000        2.000       57.330        0.000        0.000        0.000        0.000        0.000        1.000        0.000        1.000        0.000       10.980        0.000
   658:       52.000        1.000        4.440        0.000        0.000        0.000        0.000        0.000        1.000        0.000        0.000        0.000        0.000        0.000
K:
     0:        1.000        2.000
T:
     0:        4.450      155.820       14.460      871.790
