File: C:\MED-PC\Data\2017-11-25_15h14m_Subject 418.txt


Start Date: 11/25/17
End Date: 11/25/17
Subject: 418
Experiment: ACI JAX 11.25
Group: 0
Box: 2
Start Time: 15:14:24
End Time: 15:31:05
MSN: Discrimination Tone Training_v3
C:      22.000
D:      25.000
E:       0.000
F:       1.000
G:       2.000
H:       2.000
I:     658.000
J:       0.000
L:       0.000
M:      53.000
N:       1.000
O:       0.000
P:       0.000
Q:       0.000
R:       0.000
S:       0.000
U:       0.000
V:       0.000
W:       0.000
X:       0.000
Y:       0.000
Z:       0.000
A:
     0:     2000.000       75.000       15.000     9000.000       63.000       15.000       10.000        1.000
B:
     0:        1.000        2.000        0.000        0.000        0.000        0.000        0.000        0.000        0.000        0.000        0.000        1.000        0.000        0.000
    14:        2.000        2.000        0.000        0.000        0.000        0.000        0.000        0.000        0.000        0.000        0.000        1.000        0.000        0.000
    28:        3.000        2.000        0.000        0.000        0.000        0.000        0.000        0.000        0.000        0.000        0.000        1.000        0.000        0.000
    42:        4.000        2.000        0.000        0.000        0.000        0.000        0.000        0.000        0.000        0.000        0.000        1.000        0.000        0.000
    56:        5.000        1.000      105.700        0.000        3.000        0.000        0.000        1.150        1.000        0.000        0.000        0.000        0.000        0.000
    70:        6.000        1.000        1.670        0.000        7.000        0.000        0.000        0.000        1.000        0.000        0.000        0.000        0.000        0.000
    84:        7.000        2.000        0.000        0.000        1.000        0.000        1.000        0.000        0.000        0.000        2.000        0.000      132.930        0.000
    98:        8.000        2.000       41.090        0.000        3.000        0.000        1.000        0.000        0.000        1.000        1.000        0.000        1.860       42.560
   112:        9.000        1.000        1.790        0.000        3.000        0.000        0.000       66.070        1.000        0.000        0.000        0.000        0.000        0.000
   126:       10.000        1.000        4.870        0.000        3.000        0.000        0.000        0.980        1.000        0.000        0.000        0.000        0.000        0.000
   140:       11.000        2.000        0.000        0.000        0.000        0.000        0.000        0.000        0.000        0.000        1.000        0.000       30.460        0.000
   154:       12.000        2.000        0.000        0.000        0.000        0.000        0.000        0.000        0.000        0.000        0.000        1.000        0.000        0.000
   168:       13.000        2.000       66.860        0.000        0.000        0.000        0.000        0.000        0.000        1.000        0.000        0.000        0.000        0.000
   182:       14.000        2.000       10.610        0.000        0.000        0.000        0.000        0.000        1.000        0.000        0.000        0.000        0.000        0.000
   196:       15.000        2.000        0.060        0.000        0.000        0.000        0.000        0.000        1.000        0.000        0.000        0.000        0.000        0.000
   210:       16.000        1.000        1.360        0.000        1.000        0.000        0.000       46.350        1.000        0.000        0.000        0.000        0.000        0.000
   224:       17.000        2.000        0.000        0.000        0.000        0.000        0.000        0.000        0.000        0.000        3.000        0.000       96.960        0.000
   238:       18.000        1.000       29.480        0.000        0.000        0.000        0.000        0.000        1.000        0.000        0.000        0.000        0.000        0.000
   252:       19.000        2.000        0.000        0.000        0.000        0.000        0.000        0.000        0.000        0.000        1.000        0.000       17.880        0.000
   266:       20.000        1.000       27.440        0.000        2.000        0.000        0.000       39.650        1.000        0.000        0.000        0.000        0.000        0.000
   280:       21.000        2.000        0.000        4.000        0.000        0.000        1.000        0.000        0.000        0.000        0.000        1.000        0.000        0.000
   294:       22.000        2.000       31.960        0.000        0.000        0.000        0.000        0.000        1.000        0.000        1.000        0.000       40.700        0.000
   308:       23.000        1.000        0.000        0.000        0.000        0.000        0.000        0.000        0.000        0.000        0.000        1.000        0.000        0.000
   322:       24.000        2.000       40.850        0.000        0.000        0.000        0.000        0.000        0.000        1.000        0.000        0.000        0.000        0.000
   336:       25.000        2.000        0.000        2.000        0.000        0.000        0.000        0.000        0.000        0.000        3.000        0.000       56.620        0.000
   350:       26.000        1.000        0.000        0.000        0.000        0.000        0.000        0.000        0.000        0.000        0.000        1.000        0.000        0.000
   364:       27.000        1.000       52.340        0.000        1.000        0.000        0.000      116.480        1.000        0.000        0.000        0.000        0.000        0.000
   378:       28.000        2.000        0.000        0.000        0.000        0.000        0.000        0.000        0.000        0.000        1.000        0.000       38.100        0.000
   392:       29.000        2.000       31.270        0.000        0.000        0.000        0.000        0.000        1.000        0.000        0.000        0.000        0.000        0.000
   406:       30.000        1.000        0.000        0.000        0.000        0.000        0.000        0.000        0.000        0.000        0.000        1.000        0.000        0.000
   420:       31.000        2.000       33.210        0.000        0.000        0.000        0.000        0.000        1.000        0.000        0.000        0.000        0.000        0.000
   434:       32.000        1.000        0.000        0.000        0.000        0.000        0.000        0.000        0.000        0.000        0.000        1.000        0.000        0.000
   448:       33.000        1.000       27.570        0.000        3.000        0.000        0.000       84.210        1.000        0.000        0.000        0.000        0.000        0.000
   462:       34.000        1.000        2.470        0.000        1.000        0.000        0.000        1.250        1.000        0.000        0.000        0.000        0.000        0.000
   476:       35.000        2.000        0.000        0.000        0.000        0.000        0.000        0.000        0.000        0.000        0.000        1.000        0.000        0.000
   490:       36.000        2.000        0.000        0.000        0.000        0.000        0.000        0.000        0.000        0.000        0.000        1.000        0.000        0.000
   504:       37.000        2.000        0.000        1.000        0.000        0.000        0.000        0.000        0.000        0.000        0.000        1.000        0.000        0.000
   518:       38.000        1.000       93.260        3.000        1.000        1.000        0.000        0.000        1.000        0.000        0.000        0.000        0.000        0.000
   532:       39.000        1.000        4.090        1.000        3.000        0.000        0.000        0.000        1.000        0.000        0.000        0.000        0.000        0.000
   546:       40.000        1.000        0.710        0.000        1.000        0.000        0.000       27.980        1.000        0.000        0.000        0.000        0.000        0.000
   560:       41.000        2.000        0.000        0.000        0.000        0.000        0.000        0.000        0.000        0.000        1.000        0.000      245.330        0.000
   574:       42.000        1.000       26.530        0.000        4.000        0.000        0.000        1.180        1.000        0.000        0.000        0.000        0.000        0.000
   588:       43.000        2.000       13.400        0.000        0.000        0.000        0.000        0.000        1.000        0.000        2.000        0.000       11.620        0.000
   602:       45.000        1.000        6.710        0.000        4.000        0.000        0.000       19.750        1.000        0.000        0.000        0.000        0.000        0.000
   616:       46.000        1.000        4.440        0.000        3.000        0.000        0.000        1.000        1.000        0.000        0.000        0.000        0.000        0.000
   630:       47.000        1.000        2.290        0.000        7.000        0.000        0.000        0.900        1.000        0.000        0.000        0.000        0.000        0.000
   644:       53.000        1.000        4.300        0.000        2.000        0.000        0.000        1.480        1.000        0.000        0.000        0.000        0.000        0.000
K:
     0:        1.000        2.000
T:
     0:        4.310        1.490       65.850      757.110
