File: C:\MED-PC\Data\2017-11-25_15h14m_Subject 416.txt


Start Date: 11/25/17
End Date: 11/25/17
Subject: 416
Experiment: ACI JAX 11.25
Group: 0
Box: 1
Start Time: 15:14:12
End Time: 15:29:34
MSN: Discrimination Tone Training_v3
C:      24.000
D:      25.000
E:       0.000
F:       1.000
G:       2.000
H:       2.000
I:     686.000
J:       0.000
L:       0.000
M:      53.000
N:       1.000
O:       0.000
P:       0.000
Q:       0.000
R:       0.000
S:       0.000
U:       0.000
V:       0.000
W:       0.000
X:       0.000
Y:       0.000
Z:       0.000
A:
     0:     2000.000       75.000       15.000     9000.000       63.000       15.000       10.000        1.000
B:
     0:        1.000        1.000        0.000        0.000        0.000        0.000        0.000        0.000        0.000        0.000        2.000        0.000        3.240        0.000
    14:        2.000        2.000       33.050        0.000        0.000        0.000        0.000        0.000        1.000        0.000        2.000        0.000        0.010        0.000
    28:        3.000        1.000        8.590        0.000        4.000        0.000        0.000       21.470        1.000        0.000        1.000        0.000        2.500       51.280
    42:        4.000        2.000       14.190        0.000        0.000        0.000        0.000        0.000        0.000        1.000        5.000        0.000        0.820        0.000
    56:        5.000        1.000        5.960        0.000        3.000        0.000        0.000       18.100        1.000        0.000        3.000        0.000        2.630        0.000
    70:        6.000        2.000        0.000        2.000        0.000        0.000        0.000        0.000        0.000        0.000        5.000        0.000        2.920       45.880
    84:        7.000        2.000       40.310        5.000        0.000        0.000        0.000        0.000        0.000        1.000        0.000        0.000        0.000        0.000
    98:        8.000        1.000        0.000        0.000        1.000        0.000        0.000       12.720        1.000        0.000        0.000        0.000        0.000        0.000
   112:        9.000        2.000        0.000        0.000        0.000        0.000        0.000        0.000        0.000        0.000        3.000        0.000       47.270        0.000
   126:       10.000        1.000       26.310        0.000        1.000        0.000        0.000        1.690        1.000        0.000        0.000        0.000        0.000        0.000
   140:       11.000        2.000        0.000        0.000        0.000        0.000        0.000        0.000        0.000        0.000        3.000        0.000       11.830        0.000
   154:       12.000        2.000        0.000        0.000        0.000        0.000        0.000        0.000        0.000        0.000        1.000        0.000        0.660        0.000
   168:       13.000        2.000       66.480        0.000        0.000        0.000        0.000        0.000        0.000        1.000        0.000        0.000        0.000        0.000
   182:       14.000        2.000        6.500        0.000        0.000        0.000        0.000        0.000        1.000        0.000        1.000        0.000       26.220        0.000
   196:       15.000        2.000        4.630        0.000        0.000        0.000        0.000        0.000        1.000        0.000        0.000        0.000        0.000        0.000
   210:       16.000        1.000        2.690        0.000        1.000        0.000        0.000       48.260        1.000        0.000        0.000        0.000        0.000        0.000
   224:       17.000        1.000        1.730        0.000        2.000        0.000        0.000        1.350        1.000        0.000        0.000        0.000        0.000        0.000
   238:       18.000        1.000        3.780        0.000        2.000        0.000        0.000        1.200        1.000        0.000        0.000        0.000        0.000        0.000
   252:       19.000        2.000       14.050        0.000        0.000        0.000        0.000        0.000        0.000        1.000        1.000        0.000       59.440        0.000
   266:       20.000        1.000        6.410        0.000        1.000        0.000        0.000       18.820        1.000        0.000        0.000        0.000        0.000        0.000
   280:       21.000        2.000       10.490        0.000        0.000        0.000        0.000        0.000        1.000        0.000        3.000        0.000       18.430        0.000
   294:       22.000        2.000       14.000        0.000        0.000        0.000        0.000        0.000        1.000        0.000        4.000        0.000        0.940        0.000
   308:       23.000        2.000        9.920        0.000        0.000        0.000        0.000        0.000        1.000        0.000        2.000        0.000        0.280        0.000
   322:       24.000        1.000        0.640        0.000        1.000        0.000        0.000       58.940        1.000        0.000        0.000        0.000        0.000        0.000
   336:       25.000        1.000        2.760        0.000        1.000        0.000        0.000        4.510        1.000        0.000        0.000        0.000        0.000        0.000
   350:       26.000        1.000        3.950        2.000        3.000        0.000        0.000        0.000        1.000        0.000        0.000        0.000        0.000        0.000
   364:       27.000        1.000        2.720        0.000        2.000        0.000        0.000       15.000        1.000        0.000        0.000        0.000        0.000        0.000
   378:       28.000        1.000        2.380        1.000        2.000        0.000        0.000        0.000        1.000        0.000        0.000        0.000        0.000        0.000
   392:       29.000        2.000        0.000        0.000        0.000        0.000        0.000        0.000        0.000        0.000        2.000        0.000       67.830        0.000
   406:       30.000        1.000       26.350        0.000        1.000        0.000        0.000       38.610        1.000        0.000        0.000        0.000        0.000        0.000
   420:       31.000        1.000        0.910        0.000        1.000        0.000        0.000        1.300        1.000        0.000        0.000        0.000        0.000        0.000
   434:       32.000        2.000       14.560        0.000        0.000        0.000        0.000        0.000        0.000        1.000        4.000        0.000       23.890        0.000
   448:       33.000        2.000        7.730        0.000        0.000        0.000        0.000        0.000        1.000        0.000        2.000        0.000        0.750        0.000
   462:       34.000        1.000        0.560        0.000        3.000        0.000        0.000       31.610        1.000        0.000        0.000        0.000        0.000        0.000
   476:       35.000        2.000        6.400        0.000        0.000        0.000        0.000        0.000        1.000        0.000        2.000        0.000       11.990        0.000
   490:       36.000        2.000        2.220        0.000        0.000        0.000        0.000        0.000        1.000        0.000        0.000        0.000        0.000        0.000
   504:       37.000        1.000        9.660        0.000        1.000        0.000        0.000       34.940        1.000        0.000        3.000        0.000       16.450        0.000
   518:       38.000        2.000        4.880        0.000        0.000        0.000        0.000        0.000        1.000        0.000        0.000        0.000        0.000        0.000
   532:       39.000        2.000        3.780        0.000        0.000        0.000        0.000        0.000        1.000        0.000        0.000        0.000        0.000        0.000
   546:       40.000        1.000        5.750        0.000        2.000        0.000        0.000       32.800        1.000        0.000        3.000        0.000       31.340        0.000
   560:       41.000        1.000        0.340        0.000        1.000        0.000        0.000        1.180        1.000        0.000        0.000        0.000        0.000        0.000
   574:       42.000        2.000        9.780        0.000        0.000        0.000        0.000        0.000        1.000        0.000        3.000        0.000       13.240        0.000
   588:       43.000        1.000        0.240        0.000        2.000        0.000        0.000       12.540        1.000        0.000        0.000        0.000        0.000        0.000
   602:       44.000        2.000        8.910        0.000        0.000        0.000        0.000        0.000        1.000        0.000        6.000        0.000       13.070        0.000
   616:       45.000        2.000        3.370        0.000        0.000        0.000        0.000        0.000        1.000        0.000        1.000        0.000        1.150        0.000
   630:       46.000        2.000        8.620        0.000        0.000        0.000        0.000        0.000        1.000        0.000        4.000        0.000        1.320        0.000
   644:       47.000        1.000        0.610        0.000        8.000        0.000        0.000       46.860        1.000        0.000        0.000        0.000        0.000        0.000
   658:       48.000        1.000        4.330        0.000        1.000        0.000        0.000        1.030        1.000        0.000        2.000        0.000       13.100        0.000
   672:       53.000        1.000        0.530        0.000        0.000        0.000        0.000        0.000        1.000        0.000        0.000        0.000        0.000        0.000
K:
     0:        1.000        2.000
T:
     0:        0.540       10.010       10.550      699.030
