File: C:\MED-PC\Data\2017-11-12_15h13m_Subject 414.txt


Start Date: 11/12/17
End Date: 11/12/17
Subject: 414
Experiment: ACI JAX 11.12
Group: 0
Box: 4
Start Time: 15:13:02
End Time: 15:42:54
MSN: Discrimination Tone Training_v3
C:      22.000
D:      25.000
E:       0.000
F:       1.000
G:       2.000
H:       4.000
I:     658.000
J:       0.000
L:       0.000
M:      51.000
N:       1.000
O:       0.000
P:       0.000
Q:       0.000
R:       0.000
S:       0.000
U:       0.000
V:       0.000
W:       0.000
X:       0.000
Y:       0.000
Z:       0.000
A:
     0:     2000.000       75.000       30.000     9000.000       63.000       30.000       10.000        1.000
B:
     0:        1.000        2.000        0.000        0.000        0.000        0.000        0.000        0.000        0.000        0.000        0.000        1.000        0.000        0.000
    14:        2.000        2.000        0.000        0.000        0.000        0.000        0.000        0.000        0.000        0.000        0.000        1.000        0.000        0.000
    28:        3.000        1.000        0.000        0.000        0.000        0.000        0.000        0.000        0.000        0.000        0.000        1.000        0.000        0.000
    42:        4.000        1.000        0.000        0.000        0.000        0.000        0.000        0.000        0.000        0.000        3.000        0.000      125.470        0.000
    56:        5.000        2.000      186.920        0.000        0.000        0.000        0.000        0.000        1.000        0.000        0.000        0.000        0.000        0.000
    70:        6.000        1.000        0.000        0.000        0.000        0.000        0.000        0.000        0.000        0.000        4.000        0.000       52.670        0.000
    84:        7.000        2.000       64.580        0.000        0.000        0.000        0.000        0.000        1.000        0.000        0.000        0.000        0.000        0.000
    98:        8.000        2.000        0.000        0.000        0.000        0.000        0.000        0.000        0.000        0.000        6.000        0.000       44.150        0.000
   112:        9.000        1.000       46.450        0.000        1.000        0.000        0.000      135.510        1.000        0.000        0.000        0.000        0.000        0.000
   126:       10.000        2.000        0.000        2.000        0.000        0.000        0.000        0.000        0.000        0.000        2.000        0.000       22.320        0.000
   140:       11.000        2.000       45.320        0.000        0.000        0.000        0.000        0.000        1.000        0.000        0.000        0.000        0.000        0.000
   154:       12.000        1.000        0.000        0.000        0.000        0.000        0.000        0.000        0.000        0.000        4.000        0.000       23.450        0.000
   168:       13.000        2.000       48.150        0.000        0.000        0.000        0.000        0.000        1.000        0.000        0.000        0.000        0.000        0.000
   182:       14.000        2.000        6.650        0.000        0.000        0.000        0.000        0.000        1.000        0.000        0.000        0.000        0.000        0.000
   196:       15.000        1.000        0.000        0.000        0.000        0.000        0.000        0.000        0.000        0.000        7.000        0.000       39.580        0.000
   210:       16.000        1.000       53.560        0.000        2.000        0.000        0.000      143.210        1.000        0.000        0.000        0.000        0.000        0.000
   224:       17.000        1.000       24.030        1.000        1.000        0.000        0.000        0.000        1.000        0.000        0.000        0.000        0.000        0.000
   238:       18.000        2.000        0.000        0.000        0.000        0.000        0.000        0.000        0.000        0.000       10.000        0.000       58.670        0.000
   252:       19.000        1.000       44.860        0.000        1.000        0.000        0.000       64.560        1.000        0.000        0.000        0.000        0.000        0.000
   266:       20.000        1.000        2.700        0.000        3.000        0.000        0.000        0.000        1.000        0.000        0.000        0.000        0.000        0.000
   280:       21.000        2.000        0.000        0.000        0.000        0.000        0.000        0.000        0.000        0.000        6.000        0.000       30.670        0.000
   294:       22.000        1.000       45.020        0.000        2.000        0.000        0.000       57.450        1.000        0.000        0.000        0.000        0.000        0.000
   308:       23.000        1.000        2.240        0.000        1.000        0.000        0.000        0.890        1.000        0.000        0.000        0.000        0.000        0.000
   322:       24.000        2.000        0.000        1.000        0.000        0.000        0.000        0.000        0.000        0.000        5.000        0.000       44.470        0.000
   336:       25.000        2.000        0.000        0.000        0.000        0.000        0.000        0.000        0.000        0.000        2.000        0.000        5.640        0.000
   350:       26.000        2.000       88.730        0.000        0.000        0.000        0.000        0.000        1.000        0.000        0.000        0.000        0.000        0.000
   364:       27.000        2.000        3.280        0.000        0.000        0.000        0.000        0.000        1.000        0.000        0.000        0.000        0.000        0.000
   378:       28.000        1.000       11.850        0.000        1.000        0.000        0.000       38.300        1.000        0.000        0.000        0.000        0.000        0.000
   392:       29.000        1.000       10.610        0.000        1.000        0.000        0.000        1.190        1.000        0.000        0.000        0.000        0.000        0.000
   406:       30.000        1.000        6.360        1.000        1.000        0.000        0.000        0.000        1.000        0.000        0.000        0.000        0.000        0.000
   420:       31.000        2.000        0.000        0.000        0.000        0.000        0.000        0.000        0.000        0.000        5.000        0.000      103.780        0.000
   434:       32.000        1.000        0.000        0.000        0.000        0.000        0.000        0.000        0.000        0.000        0.000        1.000        0.000        0.000
   448:       33.000        1.000       96.070        0.000        1.000        0.000        0.000      108.400        1.000        0.000        0.000        0.000        0.000        0.000
   462:       34.000        2.000        0.000        1.000        0.000        0.000        0.000        0.000        0.000        0.000        4.000        0.000       70.830        0.000
   476:       35.000        2.000        0.000        0.000        0.000        0.000        1.000        0.000        0.000        0.000        6.000        0.000       13.150        0.000
   490:       36.000        2.000       93.190        0.000        0.000        0.000        0.000        0.000        1.000        0.000        0.000        0.000        0.000        0.000
   504:       37.000        2.000        3.940        0.000        0.000        0.000        0.000        0.000        1.000        0.000        0.000        0.000        0.000        0.000
   518:       38.000        2.000        0.760        0.000        0.000        0.000        0.000        0.000        1.000        0.000        0.000        0.000        0.000        0.000
   532:       39.000        1.000       10.410        0.000        0.000        0.000        0.000        0.000        1.000        0.000        1.000        0.000       54.350        0.000
   546:       40.000        1.000        0.010        0.000        2.000        0.000        0.000       60.410        1.000        0.000        0.000        0.000        0.000        0.000
   560:       41.000        2.000        0.000        0.000        0.000        0.000        0.000        0.000        0.000        0.000       10.000        0.000       13.860        0.000
   574:       42.000        2.000        0.000        0.000        0.000        0.000        0.000        0.000        0.000        0.000        2.000        0.000        8.590        0.000
   588:       43.000        2.000        0.000        0.000        0.000        0.000        0.000        0.000        0.000        0.000        2.000        0.000        9.230        0.000
   602:       44.000        2.000      124.300        0.000        0.000        0.000        0.000        0.000        1.000        0.000        0.000        0.000        0.000        0.000
   616:       45.000        1.000        0.000        0.000        0.000        0.000        0.000        0.000        0.000        0.000        4.000        0.000       20.210        0.000
   630:       48.000        1.000        0.000        0.000        0.000        0.000        0.000        0.000        0.000        0.000        0.000        1.000        0.000        0.000
   644:       51.000        1.000        0.000        0.000        0.000        0.000        0.000        0.000        0.000        0.000        7.000        0.000       44.710        0.000
K:
     0:        1.000        2.000
T:
     0:      126.350      137.370       44.720     1285.580
