File: C:\MED-PC\Data\2017-11-11_18h50m_Subject 423.txt


Start Date: 11/11/17
End Date: 11/11/17
Subject: 423
Experiment: ACI JAX 11.11
Group: 0
Box: 3
Start Time: 18:50:28
End Time: 19:12:02
MSN: Discrimination Tone Training_v3
C:      20.000
D:      25.000
E:       0.000
F:       1.000
G:       2.000
H:       2.000
I:     630.000
J:       0.000
L:       0.000
M:      50.000
N:       1.000
O:       0.000
P:       0.000
Q:       0.000
R:       0.000
S:       0.000
U:       0.000
V:       0.000
W:       0.000
X:       0.000
Y:       0.000
Z:       0.000
A:
     0:     2000.000       75.000       30.000     9000.000       63.000       30.000       10.000        1.000
B:
     0:        1.000        2.000        2.570        0.000        0.000        0.000        0.000        0.000        1.000        0.000        0.000        0.000        0.000        0.000
    14:        2.000        2.000        0.000        0.000        0.000        0.000        0.000        0.000        0.000        0.000        2.000        0.000       25.970        0.000
    28:        3.000        2.000       57.130        0.000        0.000        0.000        0.000        0.000        1.000        0.000        1.000        0.000        3.240        0.000
    42:        4.000        1.000        4.580        0.000        1.000        0.000        0.000       84.930        1.000        0.000        0.000        0.000        0.000        0.000
    56:        5.000        1.000        3.620        0.000        1.000        0.000        0.000        5.060        1.000        0.000        0.000        0.000        0.000        0.000
    70:        6.000        1.000        0.000        6.000        0.000        2.000        0.000        0.000        0.000        0.000        0.000        1.000        0.000        0.000
    84:        7.000        1.000       47.520        1.000        5.000        0.000        0.000        0.000        1.000        0.000        0.000        0.000        0.000        0.000
    98:        8.000        2.000       29.180        3.000        1.000        0.000        0.000        0.000        0.000        1.000        7.000        0.000       97.120        0.000
   112:        9.000        2.000       19.370        0.000        0.000        0.000        0.000        0.000        1.000        0.000        3.000        0.000        3.070        0.000
   126:       10.000        1.000        1.180        0.000        6.000        0.000        0.000       83.770        1.000        0.000        0.000        0.000        0.000        0.000
   140:       11.000        1.000       11.820        3.000        5.000        0.000        0.000        0.000        1.000        0.000        0.000        0.000        0.000        0.000
   154:       12.000        2.000        0.000        3.000        0.000        0.000        0.000        0.000        0.000        0.000        3.000        0.000       56.100        0.000
   168:       13.000        1.000       42.730        0.000        4.000        0.000        0.000       55.370        1.000        0.000        0.000        0.000        0.000        0.000
   182:       14.000        2.000       16.370        3.000        1.000        0.000        0.000        0.000        1.000        0.000        3.000        0.000       15.880        0.000
   196:       15.000        2.000        0.000        0.000        0.000        0.000        0.000        0.000        0.000        0.000        4.000        0.000        1.640        0.000
   210:       16.000        2.000        0.000        1.000        0.000        0.000        0.000        0.000        0.000        0.000        6.000        0.000       11.760        0.000
   224:       17.000        2.000       96.030        0.000        0.000        0.000        0.000        0.000        1.000        0.000        0.000        0.000        0.000        0.000
   238:       18.000        2.000        0.000        2.000        0.000        0.000        0.000        0.000        0.000        0.000        2.000        0.000       47.430        0.000
   252:       19.000        2.000       48.790        0.000        0.000        0.000        0.000        0.000        1.000        0.000        0.000        0.000        0.000        0.000
   266:       20.000        1.000       15.800        0.000        1.000        0.000        0.000      195.150        1.000        0.000        0.000        0.000        0.000        0.000
   280:       21.000        1.000        4.770        0.000        1.000        0.000        0.000        0.980        1.000        0.000        0.000        0.000        0.000        0.000
   294:       22.000        2.000        0.000        4.000        1.000        0.000        0.000        0.000        0.000        0.000        0.000        1.000        0.000        0.000
   308:       23.000        1.000       53.680        0.000        2.000        0.000        0.000        1.160        1.000        0.000        0.000        0.000        0.000        0.000
   322:       24.000        2.000        0.000        1.000        1.000        0.000        0.000        0.000        0.000        0.000        0.000        1.000        0.000        0.000
   336:       25.000        1.000       51.170        0.000        1.000        0.000        0.000        9.800        1.000        0.000        2.000        0.000      172.470        0.000
   350:       26.000        1.000        0.000        0.000        0.000        0.000        0.000        0.000        0.000        0.000        0.000        1.000        0.000        0.000
   364:       27.000        2.000       46.000        1.000        0.000        0.000        0.000        0.000        1.000        0.000        0.000        0.000        0.000        0.000
   378:       28.000        1.000        0.830        0.000        6.000        0.000        0.000       13.110        1.000        0.000        0.000        0.000        0.000        0.000
   392:       29.000        1.000        4.500        2.000        4.000        0.000        0.000        0.000        1.000        0.000        0.000        0.000        0.000        0.000
   406:       30.000        2.000        0.000        2.000        0.000        0.000        0.000        0.000        0.000        0.000        2.000        0.000       96.310        0.000
   420:       31.000        2.000        0.000        1.000        0.000        0.000        0.000        0.000        0.000        0.000        6.000        0.000        4.740        0.000
   434:       32.000        2.000       93.140        2.000        2.000        0.000        0.000        0.000        1.000        0.000        1.000        0.000        4.890      841.100
   448:       33.000        2.000        0.000        0.000        0.000        0.000        0.000        0.000        0.000        0.000        2.000        0.000        0.490        0.000
   462:       34.000        1.000       66.780        0.000        2.000        0.000        0.000      183.910        1.000        0.000        0.000        0.000        0.000        0.000
   476:       35.000        2.000        0.000        0.000        0.000        0.000        0.000        0.000        0.000        0.000        2.000        0.000       59.910        0.000
   490:       36.000        2.000       50.880        1.000        0.000        0.000        0.000        0.000        1.000        0.000        0.000        0.000        0.000        0.000
   504:       37.000        2.000        1.270        0.000        0.000        0.000        0.000        0.000        1.000        0.000        0.000        0.000        0.000        0.000
   518:       38.000        1.000        5.180        0.000        4.000        0.000        0.000       29.730        1.000        0.000        0.000        0.000        0.000        0.000
   532:       39.000        1.000        0.170        0.000        3.000        0.000        0.000        0.960        1.000        0.000        0.000        0.000        0.000        0.000
   546:       40.000        2.000       14.810        0.000        0.000        0.000        0.000        0.000        1.000        0.000        1.000        0.000       66.270        0.000
   560:       41.000        1.000        4.070        0.000        2.000        0.000        0.000       24.280        1.000        0.000        0.000        0.000        0.000        0.000
   574:       42.000        2.000        0.000        9.000        0.000        0.000        0.000        0.000        0.000        0.000        0.000        1.000        0.000        0.000
   588:       43.000        2.000       61.610        0.000        0.000        0.000        0.000        0.000        1.000        0.000        0.000        0.000        0.000        0.000
   602:       48.000        1.000        5.390        0.000        0.000        0.000        0.000        0.000        1.000        0.000        0.000        0.000        0.000        0.000
   616:       50.000        1.000       15.450        6.000        6.000        0.000        0.000        0.000        1.000        0.000        0.000        0.000        0.000        0.000
K:
     0:        1.000        2.000
T:
     0:       15.460       57.910      134.630      339.400
