File: C:\MED-PC\Data\2017-11-26_17h39m_Subject 416.txt


Start Date: 11/26/17
End Date: 11/26/17
Subject: 416
Experiment: ACI JAX 11.26
Group: 0
Box: 1
Start Time: 17:39:19
End Time: 17:52:19
MSN: Discrimination Tone Training_v3
C:      20.000
D:      25.000
E:       0.000
F:       1.000
G:       2.000
H:       2.000
I:     630.000
J:       0.000
L:       0.000
M:      50.000
N:       1.000
O:       0.000
P:       0.000
Q:       0.000
R:       0.000
S:       0.000
U:       0.000
V:       0.000
W:       0.000
X:       0.000
Y:       0.000
Z:       0.000
A:
     0:     2000.000       75.000       15.000     9000.000       63.000       15.000       10.000        1.000
B:
     0:        1.000        1.000       10.230        0.000        1.000        0.000        0.000        1.300        1.000        0.000        1.000        0.000        7.810        3.720
    14:        2.000        2.000        0.000        1.000        0.000        0.000        0.000        0.000        0.000        0.000        8.000        0.000        4.280        0.000
    28:        3.000        1.000       31.080        0.000        2.000        0.000        0.000        1.140        1.000        0.000        3.000        0.000        0.430        0.000
    42:        4.000        2.000        9.200        0.000        0.000        0.000        0.000        0.000        1.000        0.000        1.000        0.000        0.330        0.000
    56:        5.000        2.000        1.990        0.000        0.000        0.000        0.000        0.000        1.000        0.000        0.000        0.000        0.000        0.000
    70:        6.000        1.000        2.180        0.000        2.000        0.000        0.000       27.510        1.000        0.000        0.000        0.000        0.000        0.000
    84:        7.000        2.000        9.760        0.000        0.000        0.000        0.000        0.000        1.000        0.000        5.000        0.000       26.250        0.000
    98:        8.000        2.000        8.050        0.000        0.000        0.000        0.000        0.000        1.000        0.000        0.000        0.000        0.000        0.000
   112:        9.000        2.000        5.400        0.000        0.000        0.000        0.000        0.000        1.000        0.000        1.000        0.000       20.270        0.000
   126:       10.000        1.000        1.570        0.000        0.000        0.000        0.000        0.000        1.000        0.000        0.000        0.000        0.000        0.000
   140:       11.000        2.000       10.720        0.000        1.000        0.000        0.000       79.610        1.000        0.000        4.000        0.000       13.780        0.000
   154:       12.000        2.000       13.040        0.000        0.000        0.000        0.000        0.000        1.000        0.000        8.000        0.000        3.310        0.000
   168:       13.000        2.000        0.500        0.000        2.000        0.000        0.000       17.640        1.000        0.000        0.000        0.000        0.000        0.000
   182:       14.000        1.000        0.780        0.000        9.000        0.000        0.000        1.180        1.000        0.000        0.000        0.000        0.000        0.000
   196:       15.000        2.000        0.000        0.000        0.000        0.000        0.000        0.000        0.000        0.000        6.000        0.000       32.660        0.000
   210:       16.000        2.000       28.020        0.000        0.000        0.000        0.000        0.000        1.000        0.000        0.000        0.000        0.000        0.000
   224:       17.000        2.000        9.670        0.000        0.000        0.000        0.000        0.000        1.000        0.000        1.000        0.000       19.850        0.000
   238:       18.000        1.000        0.570        0.000        3.000        0.000        0.000       37.500        1.000        0.000        0.000        0.000        0.000        0.000
   252:       19.000        1.000        5.530        1.000        2.000        0.000        0.000        0.000        1.000        0.000        0.000        0.000        0.000        0.000
   266:       20.000        2.000        2.490        0.000        3.000        0.000        0.000       16.880        1.000        0.000        0.000        0.000        0.000        0.000
   280:       21.000        2.000        0.000        1.000        0.000        0.000        0.000        0.000        0.000        0.000        4.000        0.000       42.440        0.000
   294:       22.000        2.000       26.570        0.000        0.000        0.000        0.000        0.000        1.000        0.000        0.000        0.000        0.000        0.000
   308:       23.000        2.000        0.030        0.000        0.000        0.000        0.000        0.000        1.000        0.000        0.000        0.000        0.000        0.000
   322:       24.000        2.000       10.350        0.000        3.000        0.000        0.000       36.640        1.000        0.000        1.000        0.000       23.350      386.990
   336:       25.000        1.000        5.040        0.000        4.000        0.000        0.000        1.370        1.000        0.000        3.000        0.000        0.930        0.000
   350:       26.000        1.000        2.010        0.000        3.000        0.000        0.000        0.910        1.000        0.000        0.000        0.000        0.000        0.000
   364:       27.000        2.000        3.030        0.000        0.000        0.000        0.000        0.000        1.000        0.000        1.000        0.000       14.250        0.000
   378:       28.000        1.000        3.140        3.000        1.000        0.000        0.000        0.000        1.000        0.000        0.000        0.000        0.000        0.000
   392:       29.000        1.000        0.640        0.000        1.000        0.000        0.000       27.000        1.000        0.000        0.000        0.000        0.000        0.000
   406:       30.000        1.000        1.030        0.000        3.000        0.000        0.000        1.840        1.000        0.000        0.000        0.000        0.000        0.000
   420:       31.000        1.000        1.430        0.000        3.000        0.000        0.000        1.010        1.000        0.000        0.000        0.000        0.000        0.000
   434:       32.000        1.000        0.720        0.000        1.000        0.000        0.000        1.230        1.000        0.000        0.000        0.000        0.000        0.000
   448:       33.000        1.000        2.130        0.000        5.000        0.000        0.000        0.000        1.000        0.000        0.000        0.000        0.000        0.000
   462:       34.000        2.000        0.000        1.000        0.000        0.000        0.000        0.000        0.000        0.000       11.000        0.000       75.380        0.000
   476:       35.000        2.000       28.940        0.000        0.000        0.000        0.000        0.000        1.000        0.000        1.000        0.000        0.110        0.000
   490:       36.000        2.000        6.060        0.000        0.000        0.000        0.000        0.000        1.000        0.000        0.000        0.000        0.000        0.000
   504:       37.000        2.000        4.030        0.000        0.000        0.000        0.000        0.000        1.000        0.000        0.000        0.000        0.000        0.000
   518:       38.000        2.000       12.030        0.000        0.000        0.000        0.000        0.000        1.000        0.000        2.000        0.000       32.860        0.000
   532:       39.000        1.000        0.160        0.000        3.000        0.000        0.000      109.200        1.000        0.000        0.000        0.000        0.000        0.000
   546:       40.000        1.000        0.110        0.000        3.000        0.000        0.000        1.170        1.000        0.000        0.000        0.000        0.000        0.000
   560:       41.000        1.000        0.200        0.000        5.000        0.000        0.000        0.980        1.000        0.000        0.000        0.000        0.000        0.000
   574:       42.000        2.000        6.530        0.000        1.000        0.000        0.000        0.000        1.000        0.000        3.000        0.000       34.090        0.000
   588:       43.000        2.000        1.920        0.000        0.000        0.000        0.000        0.000        1.000        0.000        0.000        0.000        0.000        0.000
   602:       49.000        1.000        0.120        0.000        1.000        0.000        0.000       30.350        1.000        0.000        0.000        0.000        0.000        0.000
   616:       50.000        1.000        2.000        0.000        0.000        0.000        0.000        0.000        1.000        0.000        0.000        0.000        0.000        0.000
K:
     0:        1.000        2.000
T:
     0:        2.010       10.010       41.120      304.920
