File: C:\MED-PC\Data\2017-11-24_11h53m_Subject 175.txt


Start Date: 11/24/17
End Date: 11/24/17
Subject: 175
Experiment: ACI JAX 11.24
Group: 0
Box: 1
Start Time: 11:53:36
End Time: 12:08:37
MSN: Discrimination Tone Training_v3
C:      25.000
D:      24.000
E:       0.000
F:       1.000
G:       2.000
H:       2.000
I:     686.000
J:       0.000
L:       0.000
M:      50.000
N:       2.000
O:       0.000
P:       0.000
Q:       0.000
R:       0.000
S:       0.000
U:       0.000
V:       0.000
W:       0.000
X:       0.000
Y:       0.000
Z:       0.000
A:
     0:     2000.000       75.000       15.000     9000.000       63.000       15.000       10.000        1.000
B:
     0:        1.000        2.000        1.270        0.000        0.000        0.000        0.000        0.000        1.000        0.000        0.000        0.000        0.000        0.000
    14:        2.000        1.000        0.000        0.000        0.000        0.000        0.000        0.000        0.000        0.000        2.000        0.000       16.840        0.000
    28:        3.000        1.000       29.890        0.000        0.000        0.000        0.000        0.000        1.000        0.000        1.000        0.000        0.280        0.000
    42:        4.000        1.000        0.400        0.000        0.000        0.000        0.000        0.000        1.000        0.000        0.000        0.000        0.000        0.000
    56:        5.000        1.000        2.860        0.000        0.000        0.000        0.000        0.000        1.000        0.000        0.000        0.000        0.000        0.000
    70:        6.000        1.000        3.250        0.000        1.000        0.000        0.000       81.720        1.000        0.000        1.000        0.000       26.200       66.150
    84:        7.000        2.000        3.610        0.000        0.000        0.000        0.000        0.000        1.000        0.000        0.000        0.000        0.000        0.000
    98:        8.000        2.000        3.200        0.000        1.000        0.000        0.000        0.000        1.000        0.000        0.000        0.000        0.000        0.000
   112:        9.000        1.000        0.000        0.000        0.000        0.000        0.000        0.000        0.000        0.000        0.000        1.000        0.000        0.000
   126:       10.000        2.000       30.290        0.000        0.000        0.000        0.000        0.000        1.000        0.000        0.000        0.000        0.000        0.000
   140:       11.000        1.000       12.470        0.000        2.000        0.000        0.000       80.760        1.000        0.000        2.000        0.000       72.380        0.000
   154:       12.000        2.000        3.360        0.000        0.000        0.000        0.000        0.000        1.000        0.000        0.000        0.000        0.000        0.000
   168:       13.000        2.000        1.880        0.000        0.000        0.000        0.000        0.000        1.000        0.000        0.000        0.000        0.000        0.000
   182:       14.000        2.000        1.760        0.000        0.000        0.000        0.000        0.000        1.000        0.000        0.000        0.000        0.000        0.000
   196:       15.000        2.000        1.180        0.000        0.000        0.000        0.000        0.000        1.000        0.000        0.000        0.000        0.000        0.000
   210:       16.000        2.000        6.870        0.000        0.000        0.000        0.000        0.000        1.000        0.000        0.000        0.000        0.000        0.000
   224:       17.000        2.000        2.700        0.000        1.000        0.000        0.000        0.000        1.000        0.000        0.000        0.000        0.000        0.000
   238:       18.000        2.000       10.430        0.000        0.000        0.000        0.000        0.000        1.000        0.000        0.000        0.000        0.000        0.000
   252:       19.000        1.000       12.360        0.000        1.000        0.000        0.000      115.950        1.000        0.000        2.000        0.000      110.320        0.000
   266:       20.000        1.000        8.120        0.000        5.000        0.000        0.000        6.300        1.000        0.000        1.000        0.000        5.630      164.510
   280:       21.000        1.000        6.130        0.000        2.000        0.000        0.000        0.920        1.000        0.000        0.000        0.000        0.000        0.000
   294:       22.000        2.000        7.270        0.000        0.000        0.000        0.000        0.000        1.000        0.000        1.000        0.000       19.830        0.000
   308:       23.000        1.000        3.640        1.000        0.000        0.000        0.000        0.000        1.000        0.000        0.000        0.000        0.000        0.000
   322:       24.000        1.000        1.020        0.000        2.000        0.000        0.000       27.780        1.000        0.000        0.000        0.000        0.000        0.000
   336:       25.000        1.000        6.000        0.000        1.000        0.000        0.000        0.930        1.000        0.000        0.000        0.000        0.000        0.000
   350:       26.000        1.000        7.150        0.000        0.000        0.000        0.000        0.000        1.000        0.000        1.000        0.000       48.780        0.000
   364:       27.000        1.000        2.760        0.000        2.000        0.000        0.000       15.920        1.000        0.000        0.000        0.000        0.000        0.000
   378:       28.000        2.000       13.010        1.000        0.000        0.000        0.000        0.000        1.000        0.000        1.000        0.000       16.910        0.000
   392:       29.000        1.000        2.560        0.000        1.000        0.000        0.000       14.800        1.000        0.000        0.000        0.000        0.000        0.000
   406:       30.000        1.000        1.530        0.000        1.000        0.000        0.000        6.960        1.000        0.000        0.000        0.000        0.000        0.000
   420:       31.000        2.000        9.510        0.000        1.000        0.000        0.000        0.000        1.000        0.000        2.000        0.000       28.220        0.000
   434:       32.000        2.000        8.320        0.000        0.000        0.000        0.000        0.000        1.000        0.000        0.000        0.000        0.000        0.000
   448:       33.000        2.000       11.980        0.000        0.000        0.000        0.000        0.000        1.000        0.000        1.000        0.000       24.850        0.000
   462:       34.000        2.000        6.250        0.000        1.000        0.000        0.000       66.320        1.000        0.000        0.000        0.000        0.000        0.000
   476:       35.000        1.000        0.440        0.000        1.000        0.000        0.000        9.610        1.000        0.000        0.000        0.000        0.000        0.000
   490:       36.000        1.000        0.710        0.000        0.000        0.000        0.000        0.000        1.000        0.000        0.000        0.000        0.000        0.000
   504:       37.000        1.000        2.560        2.000        1.000        0.000        0.000        0.000        1.000        0.000        0.000        0.000        0.000        0.000
   518:       38.000        2.000        8.680        0.000        0.000        0.000        0.000        0.000        1.000        0.000        0.000        0.000        0.000        0.000
   532:       39.000        1.000        0.390        0.000        3.000        0.000        0.000       45.740        1.000        0.000        0.000        0.000        0.000        0.000
   546:       40.000        1.000        1.800        0.000        0.000        0.000        0.000        0.000        1.000        0.000        0.000        0.000        0.000        0.000
   560:       41.000        1.000        0.200        0.000        1.000        0.000        0.000       12.160        1.000        0.000        0.000        0.000        0.000        0.000
   574:       42.000        2.000        8.510        0.000        0.000        0.000        0.000        0.000        1.000        0.000        1.000        0.000      112.310        0.000
   588:       43.000        1.000        1.980        0.000        2.000        0.000        0.000       13.780        1.000        0.000        0.000        0.000        0.000        0.000
   602:       44.000        1.000        2.730        0.000        2.000        0.000        0.000        0.000        1.000        0.000        0.000        0.000        0.000        0.000
   616:       46.000        2.000       11.120        0.000        0.000        0.000        0.000        0.000        1.000        0.000        1.000        0.000       31.270        0.000
   630:       47.000        2.000       13.540        0.000        0.000        0.000        0.000        0.000        1.000        0.000        1.000        0.000        1.160        0.000
   644:       48.000        2.000       10.110        0.000        0.000        0.000        0.000        0.000        1.000        0.000        3.000        0.000        1.000        0.000
   658:       49.000        2.000        6.030        0.000        0.000        0.000        0.000        0.000        1.000        0.000        0.000        0.000        0.000        0.000
   672:       50.000        2.000        0.000        0.000        0.000        0.000        0.000        0.000        1.000        0.000        0.000        0.000        0.000        0.000
K:
     0:        1.000        2.000
T:
     0:        0.010      106.960       27.080      455.950
