File: C:\MED-PC\Data\2017-11-17_10h20m_Subject 414.txt


Start Date: 11/17/17
End Date: 11/17/17
Subject: 414
Experiment: ACI JAX 11.17
Group: 0
Box: 4
Start Time: 10:20:53
End Time: 10:46:34
MSN: Discrimination Tone Training_v3
C:      21.000
D:      25.000
E:       0.000
F:       1.000
G:       2.000
H:       2.000
I:     644.000
J:       0.000
L:       0.000
M:      52.000
N:       1.000
O:       0.000
P:       0.000
Q:       0.000
R:       0.000
S:       0.000
U:       0.000
V:       0.000
W:       0.000
X:       0.000
Y:       0.000
Z:       0.000
A:
     0:     2000.000       75.000       30.000     9000.000       63.000       30.000       10.000        1.000
B:
     0:        1.000        2.000        0.000        0.000        0.000        0.000        0.000        0.000        0.000        0.000        0.000        1.000        0.000        0.000
    14:        2.000        1.000        0.000        0.000        0.000        0.000        0.000        0.000        0.000        0.000        0.000        1.000        0.000        0.000
    28:        3.000        2.000        0.000        0.000        0.000        2.000        0.000        0.000        0.000        0.000        0.000        1.000        0.000        0.000
    42:        4.000        1.000      140.280        0.000        1.000        0.000        0.000        1.300        1.000        0.000        0.000        0.000        0.000        0.000
    56:        5.000        2.000        0.000        3.000        0.000        0.000        0.000        0.000        0.000        0.000        2.000        0.000      156.160        0.000
    70:        6.000        2.000        0.000        0.000        0.000        0.000        0.000        0.000        0.000        0.000        0.000        1.000        0.000        0.000
    84:        7.000        2.000        0.000        0.000        0.000        0.000        0.000        0.000        0.000        0.000        1.000        0.000       42.900        0.000
    98:        8.000        2.000        0.000        0.000        0.000        0.000        0.000        0.000        0.000        0.000        2.000        0.000        2.820        0.000
   112:        9.000        2.000        0.000        0.000        0.000        0.000        0.000        0.000        0.000        0.000        2.000        0.000       19.150        0.000
   126:       10.000        2.000        0.000        0.000        0.000        0.000        0.000        0.000        0.000        0.000        2.000        0.000        2.320        0.000
   140:       11.000        1.000      252.190        0.000        2.000        0.000        0.000        0.930        1.000        0.000        0.000        0.000        0.000        0.000
   154:       12.000        1.000        2.800        0.000        2.000        0.000        0.000        0.890        1.000        0.000        0.000        0.000        0.000        0.000
   168:       13.000        1.000        3.670        0.000        1.000        0.000        0.000        7.050        1.000        0.000        0.000        0.000        0.000        0.000
   182:       14.000        1.000        1.220        0.000        4.000        0.000        0.000        0.820        1.000        0.000        0.000        0.000        0.000        0.000
   196:       15.000        2.000        0.000        0.000        0.000        0.000        2.000        0.000        0.000        0.000        7.000        0.000       59.470        0.000
   210:       16.000        2.000        0.000        2.000        0.000        0.000        0.000        0.000        0.000        0.000        4.000        0.000        4.720        0.000
   224:       17.000        1.000      105.980        0.000        3.000        0.000        0.000        1.390        1.000        0.000        0.000        0.000        0.000        0.000
   238:       18.000        2.000        0.000        0.000        0.000        0.000        1.000        0.000        0.000        0.000        7.000        0.000       35.030        0.000
   252:       19.000        1.000       43.240        0.000        4.000        0.000        0.000        1.060        1.000        0.000        0.000        0.000        0.000        0.000
   266:       20.000        2.000        0.000        0.000        0.000        0.000        6.000        0.000        0.000        0.000        9.000        0.000       13.850        0.000
   280:       21.000        2.000        0.000        0.000        0.000        0.000        0.000        0.000        0.000        0.000        2.000        0.000        0.700        0.000
   294:       22.000        2.000        0.000        0.000        0.000        0.000        0.000        0.000        0.000        0.000        3.000        0.000        0.180        0.000
   308:       23.000        1.000      125.770        0.000        3.000        0.000        0.000        1.440        1.000        0.000        0.000        0.000        0.000        0.000
   322:       24.000        1.000        0.820        0.000        3.000        0.000        0.000        1.090        1.000        0.000        0.000        0.000        0.000        0.000
   336:       25.000        1.000        0.960        0.000        3.000        0.000        0.000        5.840        1.000        0.000        0.000        0.000        0.000        0.000
   350:       26.000        1.000        8.800        2.000        1.000        0.000        0.000        0.000        1.000        0.000        0.000        0.000        0.000        0.000
   364:       27.000        1.000        4.080        0.000        1.000        0.000        0.000       15.930        1.000        0.000        0.000        0.000        0.000        0.000
   378:       28.000        1.000       16.820        1.000        1.000        0.000        0.000        0.000        1.000        0.000        0.000        0.000        0.000        0.000
   392:       29.000        2.000        0.000        1.000        0.000        0.000        1.000        0.000        0.000        0.000        9.000        0.000      100.320        0.000
   406:       30.000        1.000       43.350        0.000        1.000        0.000        1.000       55.470        1.000        0.000        0.000        0.000        0.000        0.000
   420:       31.000        2.000        0.000        0.000        0.000        0.000        2.000        0.000        0.000        0.000       12.000        0.000       13.550        0.000
   434:       32.000        2.000        0.000        0.000        0.000        0.000        0.000        0.000        0.000        0.000        2.000        0.000        0.740        0.000
   448:       33.000        2.000        0.000        0.000        0.000        0.000        0.000        0.000        0.000        0.000        3.000        0.000        3.030        0.000
   462:       34.000        2.000        0.000        0.000        0.000        0.000        0.000        0.000        0.000        0.000        1.000        0.000       28.900        0.000
   476:       35.000        2.000        0.000        0.000        0.000        0.000        0.000        0.000        0.000        0.000        1.000        0.000       20.640        0.000
   490:       36.000        2.000      208.190        0.000        0.000        0.000        0.000        0.000        1.000        0.000        0.000        0.000        0.000        0.000
   504:       37.000        2.000        1.160        0.000        0.000        0.000        0.000        0.000        1.000        0.000        0.000        0.000        0.000        0.000
   518:       38.000        2.000       19.700        0.000        0.000        0.000        0.000        0.000        1.000        0.000        0.000        0.000        0.000        0.000
   532:       39.000        1.000        1.790        0.000        1.000        0.000        0.000       56.600        1.000        0.000        0.000        0.000        0.000        0.000
   546:       40.000        1.000        1.680        0.000        2.000        0.000        0.000        0.000        1.000        0.000        0.000        0.000        0.000        0.000
   560:       41.000        2.000        0.000        0.000        0.000        0.000        1.000        0.000        0.000        0.000        5.000        0.000       90.040        0.000
   574:       42.000        2.000       54.920        0.000        0.000        0.000        0.000        0.000        1.000        0.000        0.000        0.000        0.000        0.000
   588:       43.000        1.000        0.000        0.000        0.000        0.000        0.000        0.000        0.000        0.000        2.000        0.000       30.930        0.000
   602:       44.000        1.000       43.310        0.000        1.000        0.000        0.000      121.110        1.000        0.000        0.000        0.000        0.000        0.000
   616:       48.000        1.000        0.470        0.000        1.000        0.000        0.000        1.020        1.000        0.000        0.000        0.000        0.000        0.000
   630:       52.000        1.000        2.830        0.000        3.000        0.000        0.000        0.000        1.000        0.000        0.000        0.000        0.000        0.000
K:
     0:        1.000        2.000
T:
     0:        2.840       10.010       43.570     1186.540
