File: C:\MED-PC\Data\2017-11-26_17h39m_Subject 418.txt


Start Date: 11/26/17
End Date: 11/26/17
Subject: 418
Experiment: ACI JAX 11.26
Group: 0
Box: 2
Start Time: 17:39:32
End Time: 17:56:33
MSN: Discrimination Tone Training_v3
C:      21.000
D:      25.000
E:       0.000
F:       1.000
G:       2.000
H:       2.000
I:     644.000
J:       0.000
L:       0.000
M:      50.000
N:       1.000
O:       0.000
P:       0.000
Q:       0.000
R:       0.000
S:       0.000
U:       0.000
V:       0.000
W:       0.000
X:       0.000
Y:       0.000
Z:       0.000
A:
     0:     2000.000       75.000       15.000     9000.000       63.000       15.000       10.000        1.000
B:
     0:        1.000        2.000        0.000        0.000        0.000        0.000        0.000        0.000        0.000        0.000        0.000        1.000        0.000        0.000
    14:        2.000        1.000        0.000        0.000        0.000        0.000        0.000        0.000        0.000        0.000        0.000        1.000        0.000        0.000
    28:        3.000        1.000       61.030        0.000        3.000        0.000        0.000        1.550        1.000        0.000        0.000        0.000        0.000        0.000
    42:        4.000        2.000        0.000        0.000        0.000        0.000        0.000        0.000        0.000        0.000        1.000        0.000       72.800        0.000
    56:        5.000        1.000       28.750        0.000        1.000        0.000        0.000        1.760        1.000        0.000        0.000        0.000        0.000        0.000
    70:        6.000        1.000        0.080        0.000        8.000        0.000        0.000        1.240        1.000        0.000        0.000        0.000        0.000        0.000
    84:        7.000        2.000        0.000        0.000        0.000        0.000        0.000        0.000        0.000        0.000        4.000        0.000       25.490        0.000
    98:        8.000        2.000        0.000        0.000        0.000        0.000        0.000        0.000        0.000        0.000        0.000        1.000        0.000        0.000
   112:        9.000        1.000       56.690        0.000        1.000        0.000        0.000        1.220        1.000        0.000        0.000        0.000        0.000        0.000
   126:       10.000        1.000        0.290        0.000        5.000        0.000        0.000        1.100        1.000        0.000        0.000        0.000        0.000        0.000
   140:       11.000        2.000        0.000        0.000        0.000        0.000        0.000        0.000        0.000        0.000        1.000        0.000       53.130        0.000
   154:       12.000        1.000       30.490        0.000        4.000        0.000        0.000        1.100        1.000        0.000        0.000        0.000        0.000        0.000
   168:       13.000        1.000        3.280        0.000        6.000        0.000        0.000        0.990        1.000        0.000        0.000        0.000        0.000        0.000
   182:       14.000        1.000        1.180        0.000        2.000        0.000        0.000        1.130        1.000        0.000        0.000        0.000        0.000        0.000
   196:       15.000        2.000        0.000        0.000        0.000        0.000        0.000        0.000        0.000        0.000        1.000        0.000       44.880        0.000
   210:       16.000        2.000       40.490        0.000        0.000        0.000        0.000        0.000        0.000        1.000        1.000        0.000        0.640        0.000
   224:       17.000        2.000        0.000        0.000        0.000        0.000        0.000        0.000        0.000        0.000        2.000        0.000        1.490        0.000
   238:       18.000        1.000       38.200        0.000        1.000        0.000        0.000       50.440        1.000        0.000        0.000        0.000        0.000        0.000
   252:       19.000        2.000       14.990        0.000        0.000        0.000        0.000        0.000        0.000        1.000        3.000        0.000       24.290        0.000
   266:       20.000        2.000       10.830        0.000        0.000        0.000        0.000        0.000        1.000        0.000        1.000        0.000        6.120        0.000
   280:       21.000        2.000       14.340        0.000        0.000        0.000        0.000        0.000        0.000        1.000        0.000        0.000        0.000        0.000
   294:       22.000        1.000        7.000        0.000        4.000        0.000        0.000       66.360        1.000        0.000        0.000        0.000        0.000        0.000
   308:       23.000        2.000        0.000        0.000        0.000        0.000        3.000        0.000        0.000        0.000        2.000        0.000       46.370        0.000
   322:       24.000        1.000       26.730        0.000        2.000        0.000        0.000        1.010        1.000        0.000        0.000        0.000        0.000        0.000
   336:       25.000        2.000       12.320        0.000        0.000        0.000        0.000        0.000        1.000        0.000        0.000        0.000        0.000        0.000
   350:       26.000        2.000       14.640        0.000        0.000        0.000        0.000        0.000        0.000        1.000        0.000        0.000        0.000        0.000
   364:       27.000        2.000        7.870        0.000        0.000        0.000        0.000        0.000        1.000        0.000        1.000        0.000       64.370        0.000
   378:       28.000        1.000        4.120        0.000        1.000        0.000        0.000       60.720        1.000        0.000        0.000        0.000        0.000        0.000
   392:       29.000        1.000        0.210        0.000        3.000        0.000        0.000        1.040        1.000        0.000        0.000        0.000        0.000        0.000
   406:       30.000        2.000        0.000        0.000        0.000        0.000        0.000        0.000        0.000        0.000        9.000        0.000       27.440        0.000
   420:       31.000        2.000       41.120        0.000        0.000        0.000        0.000        0.000        0.000        1.000        0.000        0.000        0.000        0.000
   434:       32.000        1.000        4.820        0.000        3.000        0.000        0.000       16.970        1.000        0.000        0.000        0.000        0.000        0.000
   448:       33.000        2.000        0.000        0.000        0.000        0.000        0.000        0.000        0.000        0.000        1.000        0.000       42.860        0.000
   462:       34.000        2.000        0.000        0.000        0.000        0.000        1.000        0.000        0.000        0.000        1.000        0.000        2.950      629.580
   476:       35.000        2.000        0.000        0.000        0.000        0.000        0.000        0.000        0.000        0.000        0.000        1.000        0.000        0.000
   490:       36.000        1.000       85.260        0.000        1.000        0.000        0.000        1.250        1.000        0.000        0.000        0.000        0.000        0.000
   504:       37.000        1.000        1.710        0.000        2.000        0.000        0.000        1.190        1.000        0.000        0.000        0.000        0.000        0.000
   518:       38.000        2.000        0.000        0.000        0.000        0.000        0.000        0.000        0.000        0.000        0.000        1.000        0.000        0.000
   532:       39.000        2.000        0.000        0.000        0.000        0.000        0.000        0.000        0.000        0.000        0.000        1.000        0.000        0.000
   546:       40.000        1.000       66.380        0.000        7.000        0.000        0.000        0.880        1.000        0.000        0.000        0.000        0.000        0.000
   560:       41.000        2.000       14.400        0.000        1.000        0.000        0.000        0.000        0.000        1.000        0.000        0.000        0.000        0.000
   574:       42.000        2.000       11.250        0.000        0.000        0.000        0.000        0.000        1.000        0.000        0.000        0.000        0.000        0.000
   588:       43.000        2.000        0.000        0.000        0.000        0.000        0.000        0.000        0.000        0.000        3.000        0.000      183.500        0.000
   602:       45.000        1.000        0.000        0.000        0.000        0.000        0.000        0.000        0.000        0.000        0.000        1.000        0.000        0.000
   616:       49.000        1.000       60.080        0.000        5.000        0.000        0.000       94.530        1.000        0.000        0.000        0.000        0.000        0.000
   630:       50.000        1.000        2.020        0.000        5.000        0.000        0.000        1.070        1.000        0.000        0.000        0.000        0.000        0.000
K:
     0:        1.000        2.000
T:
     0:        2.030        1.080       56.020       81.530
