File: C:\MED-PC\Data\2017-11-14_10h20m_Subject 416.txt


Start Date: 11/14/17
End Date: 11/14/17
Subject: 416
Experiment: ACI JAX 11.14
Group: 0
Box: 1
Start Time: 10:20:03
End Time: 10:38:47
MSN: Discrimination Tone Training_v3
C:      24.000
D:      25.000
E:       0.000
F:       1.000
G:       2.000
H:       2.000
I:     686.000
J:       0.000
L:       0.000
M:      52.000
N:       1.000
O:       0.000
P:       0.000
Q:       0.000
R:       0.000
S:       0.000
U:       0.000
V:       0.000
W:       0.000
X:       0.000
Y:       0.000
Z:       0.000
A:
     0:     2000.000       75.000       30.000     9000.000       63.000       30.000       10.000        1.000
B:
     0:        1.000        1.000        0.000        0.000        0.000        0.000        0.000        0.000        0.000        0.000        9.000        0.000        0.420        0.000
    14:        2.000        2.000       44.140        0.000        0.000        0.000        0.000        0.000        1.000        0.000        0.000        0.000        0.000        0.000
    28:        3.000        2.000        5.980        0.000        0.000        0.000        0.000        0.000        1.000        0.000        0.000        0.000        0.000        0.000
    42:        4.000        2.000        1.520        0.000        0.000        0.000        0.000        0.000        1.000        0.000        0.000        0.000        0.000        0.000
    56:        5.000        2.000        1.300        0.000        2.000        0.000        0.000       51.450        1.000        0.000        0.000        0.000        0.000        0.000
    70:        6.000        1.000        1.290        0.000        2.000        0.000        0.000        0.000        1.000        0.000        0.000        0.000        0.000        0.000
    84:        7.000        1.000        0.390        0.000        2.000        0.000        0.000       12.940        1.000        0.000        0.000        0.000        0.000        0.000
    98:        8.000        1.000       14.770        3.000        4.000        0.000        0.000        0.000        1.000        0.000        4.000        0.000       80.840        0.000
   112:        9.000        2.000       13.840        0.000        4.000        0.000        0.000       28.490        1.000        0.000        1.000        0.000        5.320      163.640
   126:       10.000        1.000        8.420        0.000        1.000        0.000        0.000        1.230        1.000        0.000        1.000        0.000        4.260        5.390
   140:       11.000        2.000        0.350        0.000        0.000        0.000        0.000        0.000        1.000        0.000        0.000        0.000        0.000        0.000
   154:       12.000        2.000       10.910        0.000        0.000        0.000        0.000        0.000        1.000        0.000        0.000        0.000        0.000        0.000
   168:       13.000        1.000       12.950        0.000        5.000        0.000        0.000       47.080        1.000        0.000        1.000        0.000       42.730        4.700
   182:       14.000        2.000        4.760        0.000        0.000        0.000        0.000        0.000        1.000        0.000        0.000        0.000        0.000        0.000
   196:       15.000        1.000        9.030        0.000        1.000        0.000        0.000       21.220        1.000        0.000        0.000        0.000        0.000        0.000
   210:       16.000        2.000       10.200        0.000        0.000        0.000        0.000        0.000        1.000        0.000        2.000        0.000       38.340        0.000
   224:       17.000        2.000       13.640        0.000        0.000        0.000        0.000        0.000        1.000        0.000        3.000        0.000        3.680        0.000
   238:       18.000        2.000        5.200        0.000        0.000        0.000        0.000        0.000        1.000        0.000        1.000        0.000        1.280        0.000
   252:       19.000        2.000        3.520        0.000        0.000        0.000        0.000        0.000        1.000        0.000        0.000        0.000        0.000        0.000
   266:       20.000        2.000        0.590        0.000        0.000        0.000        0.000        0.000        1.000        0.000        0.000        0.000        0.000        0.000
   280:       21.000        1.000       11.050        0.000        1.000        0.000        0.000       90.350        1.000        0.000        2.000        0.000       27.540        0.000
   294:       22.000        2.000       10.310        0.000        6.000        0.000        0.000        5.670        1.000        0.000        3.000        0.000        0.210        0.000
   308:       23.000        2.000       16.410        2.000        7.000        0.000        0.000        0.000        1.000        0.000        0.000        0.000        0.000        0.000
   322:       24.000        1.000       14.760       10.000        4.000        0.000        0.000        0.000        1.000        0.000        0.000        0.000        0.000        0.000
   336:       25.000        2.000        5.110        0.000        7.000        0.000        0.000       48.040        1.000        0.000        0.000        0.000        0.000        0.000
   350:       26.000        1.000        0.560        0.000        1.000        0.000        0.000        1.220        1.000        0.000        0.000        0.000        0.000        0.000
   364:       27.000        2.000       13.090        3.000        0.000        0.000        0.000        0.000        1.000        0.000        5.000        0.000       85.170        0.000
   378:       28.000        1.000        1.810        0.000        1.000        0.000        0.000       14.110        1.000        0.000        0.000        0.000        0.000        0.000
   392:       29.000        2.000       11.730        0.000        0.000        0.000        0.000        0.000        1.000        0.000        4.000        0.000       12.870        0.000
   406:       30.000        2.000        4.060        0.000        0.000        0.000        0.000        0.000        1.000        0.000        0.000        0.000        0.000        0.000
   420:       31.000        2.000       26.100        0.000        0.000        0.000        0.000        0.000        1.000        0.000        1.000        0.000       24.230        0.000
   434:       32.000        2.000       14.730        0.000        0.000        0.000        0.000        0.000        1.000        0.000        0.000        0.000        0.000        0.000
   448:       33.000        2.000        2.250        0.000        0.000        0.000        0.000        0.000        1.000        0.000        0.000        0.000        0.000        0.000
   462:       34.000        1.000        0.000        0.000        0.000        0.000        0.000        0.000        0.000        0.000        1.000        0.000       44.270        0.000
   476:       35.000        2.000       58.380        0.000        0.000        0.000        0.000        0.000        1.000        0.000        4.000        0.000        0.840        0.000
   490:       36.000        2.000       17.470        0.000        0.000        0.000        0.000        0.000        1.000        0.000        6.000        0.000        2.990        0.000
   504:       37.000        1.000        1.370        0.000        0.000        0.000        0.000        0.000        1.000        0.000        0.000        0.000        0.000        0.000
   518:       38.000        2.000        0.000        0.000        0.000        0.000        0.000        0.000        0.000        0.000        4.000        0.000       12.590        0.000
   532:       40.000        1.000       43.350        0.000        5.000        0.000        0.000      257.600        1.000        0.000        0.000        0.000        0.000        0.000
   546:       41.000        1.000        2.250        0.000        2.000        0.000        0.000        1.070        1.000        0.000        0.000        0.000        0.000        0.000
   560:       42.000        1.000        0.660        0.000        3.000        0.000        0.000        1.360        1.000        0.000        0.000        0.000        0.000        0.000
   574:       43.000        1.000        6.710        0.000        3.000        0.000        0.000        1.200        1.000        0.000        0.000        0.000        0.000        0.000
   588:       44.000        1.000        0.160        0.000        1.000        0.000        0.000        7.330        1.000        0.000        0.000        0.000        0.000        0.000
   602:       45.000        1.000       20.400        0.000        4.000        0.000        0.000        0.000        1.000        0.000        3.000        0.000       73.830        0.000
   616:       46.000        1.000        0.230        0.000        4.000        0.000        0.000       12.690        1.000        0.000        0.000        0.000        0.000        0.000
   630:       47.000        1.000        2.940        3.000        2.000        0.000        0.000        0.000        1.000        0.000        0.000        0.000        0.000        0.000
   644:       48.000        1.000        4.280        0.000        2.000        0.000        0.000       16.390        1.000        0.000        0.000        0.000        0.000        0.000
   658:       49.000        1.000        3.140        0.000        0.000        0.000        0.000        0.000        1.000        0.000        0.000        0.000        0.000        0.000
   672:       52.000        1.000        0.280        0.000        5.000        0.000        0.000       14.550        1.000        0.000        0.000        0.000        0.000        0.000
K:
     0:        1.000        2.000
T:
     0:        0.290       14.560       67.010      678.190
