File: C:\MED-PC\Data\2017-11-16_12h02m_Subject 418.txt


Start Date: 11/16/17
End Date: 11/16/17
Subject: 418
Experiment: ACI JAX 11.16
Group: 0
Box: 1
Start Time: 12:02:47
End Time: 12:23:14
MSN: Discrimination Tone Training_v3
C:      22.000
D:      25.000
E:       0.000
F:       1.000
G:       2.000
H:       2.000
I:     658.000
J:       0.000
L:       0.000
M:      52.000
N:       1.000
O:       0.000
P:       0.000
Q:       0.000
R:       0.000
S:       0.000
U:       0.000
V:       0.000
W:       0.000
X:       0.000
Y:       0.000
Z:       0.000
A:
     0:     2000.000       75.000       30.000     9000.000       63.000       30.000       10.000        1.000
B:
     0:        1.000        1.000        0.000        0.000        0.000        0.000        0.000        0.000        0.000        0.000        1.000        0.000       29.660        0.000
    14:        2.000        2.000       54.490        0.000        0.000        0.000        0.000        0.000        1.000        0.000        0.000        0.000        0.000        0.000
    28:        3.000        2.000        4.470        0.000        0.000        0.000        0.000        0.000        1.000        0.000        0.000        0.000        0.000        0.000
    42:        4.000        2.000        4.830        0.000        0.000        0.000        0.000        0.000        1.000        0.000        0.000        0.000        0.000        0.000
    56:        5.000        2.000        5.990        0.000        0.000        0.000        0.000        0.000        1.000        0.000        0.000        0.000        0.000        0.000
    70:        6.000        2.000        0.300        0.000        0.000        0.000        0.000        0.000        1.000        0.000        0.000        0.000        0.000        0.000
    84:        7.000        1.000        0.000        0.000        0.000        0.000        0.000        0.000        0.000        0.000        0.000        1.000        0.000        0.000
    98:        8.000        1.000       67.800        0.000        1.000        0.000        0.000      140.450        1.000        0.000        3.000        0.000      128.460        0.000
   112:        9.000        1.000        6.250        0.000        2.000        0.000        0.000        1.410        1.000        0.000        1.000        0.000        2.910      182.060
   126:       10.000        1.000        5.840        1.000        3.000        0.000        0.000        0.000        1.000        0.000        0.000        0.000        0.000        0.000
   140:       11.000        1.000       14.720        0.000        1.000        0.000        0.000       27.940        1.000        0.000        0.000        0.000        0.000        0.000
   154:       12.000        2.000       10.420        0.000        0.000        0.000        0.000        0.000        1.000        0.000        1.000        0.000       43.590        0.000
   168:       13.000        1.000       16.740        0.000        3.000        0.000        0.000       29.270        1.000        0.000        0.000        0.000        0.000        0.000
   182:       14.000        2.000        7.240        0.000        0.000        0.000        0.000        0.000        1.000        0.000        1.000        0.000       28.490        0.000
   196:       15.000        2.000       11.360        0.000        0.000        0.000        0.000        0.000        1.000        0.000        0.000        0.000        0.000        0.000
   210:       16.000        2.000        6.430        0.000        0.000        0.000        0.000        0.000        1.000        0.000        0.000        0.000        0.000        0.000
   224:       17.000        2.000        3.350        0.000        0.000        0.000        0.000        0.000        1.000        0.000        0.000        0.000        0.000        0.000
   238:       18.000        2.000        0.230        0.000        0.000        0.000        0.000        0.000        1.000        0.000        0.000        0.000        0.000        0.000
   252:       19.000        1.000        0.000        0.000        0.000        0.000        0.000        0.000        0.000        0.000        2.000        0.000       72.820        0.000
   266:       20.000        2.000       55.680        0.000        0.000        0.000        0.000        0.000        1.000        0.000        1.000        0.000        9.580        0.000
   280:       21.000        1.000        0.220        0.000        1.000        0.000        0.000      144.770        1.000        0.000        0.000        0.000        0.000        0.000
   294:       22.000        1.000        5.880        0.000        2.000        0.000        0.000        0.000        1.000        0.000        0.000        0.000        0.000        0.000
   308:       23.000        2.000       19.480        0.000        0.000        0.000        0.000        0.000        1.000        0.000        3.000        0.000       28.570        0.000
   322:       24.000        2.000        7.580        0.000        0.000        0.000        0.000        0.000        1.000        0.000        2.000        0.000        2.900        0.000
   336:       25.000        1.000       22.450        1.000        6.000        0.000        0.000        0.000        1.000        0.000        0.000        0.000        0.000        0.000
   350:       26.000        1.000        0.230        0.000        1.000        0.000        0.000       95.050        1.000        0.000        0.000        0.000        0.000        0.000
   364:       27.000        2.000       29.110        2.000        1.000        0.000        0.000        0.000        0.000        1.000        3.000        0.000       55.850        0.000
   378:       28.000        2.000       16.860        0.000        0.000        0.000        0.000        0.000        1.000        0.000        0.000        0.000        0.000        0.000
   392:       29.000        2.000        8.530        0.000        0.000        0.000        0.000        0.000        1.000        0.000        0.000        0.000        0.000        0.000
   406:       30.000        1.000       23.350        0.000        4.000        0.000        0.000       82.990        1.000        0.000        1.000        0.000       62.260      432.840
   420:       31.000        2.000        0.000        1.000        0.000        0.000        0.000        0.000        0.000        0.000        4.000        0.000        5.000        0.000
   434:       32.000        2.000       44.370        0.000        0.000        0.000        0.000        0.000        1.000        0.000        0.000        0.000        0.000        0.000
   448:       33.000        2.000        8.410        0.000        0.000        0.000        0.000        0.000        1.000        0.000        0.000        0.000        0.000        0.000
   462:       34.000        1.000        0.000        0.000        0.000        0.000        0.000        0.000        0.000        0.000        3.000        0.000       44.420        0.000
   476:       35.000        1.000       65.900        0.000        0.000        0.000        0.000        0.000        1.000        0.000        2.000        0.000        3.660        0.000
   490:       36.000        2.000       12.050        1.000        0.000        0.000        0.000        0.000        1.000        0.000        1.000        0.000        4.490        0.000
   504:       37.000        1.000        0.000        0.000        0.000        0.000        0.000        0.000        0.000        0.000        2.000        0.000       22.750        0.000
   518:       38.000        1.000       61.450        0.000        2.000        0.000        0.000      193.620        1.000        0.000        1.000        0.000        1.320      232.990
   532:       39.000        2.000        4.560        0.000        1.000        0.000        0.000        8.270        1.000        0.000        0.000        0.000        0.000        0.000
   546:       40.000        2.000        4.560        0.000        0.000        0.000        0.000        0.000        1.000        0.000        0.000        0.000        0.000        0.000
   560:       41.000        1.000        0.000        0.000        0.000        0.000        0.000        0.000        0.000        0.000        0.000        1.000        0.000        0.000
   574:       42.000        1.000       43.830        0.000        1.000        0.000        0.000       64.460        1.000        0.000        0.000        0.000        0.000        0.000
   588:       43.000        2.000       10.540        0.000        0.000        0.000        0.000        0.000        1.000        0.000        1.000        0.000       90.870        0.000
   602:       44.000        2.000        6.290        0.000        0.000        0.000        0.000        0.000        1.000        0.000        0.000        0.000        0.000        0.000
   616:       47.000        1.000        9.040        0.000        1.000        0.000        0.000       40.860        1.000        0.000        3.000        0.000       20.010        0.000
   630:       49.000        1.000        3.930        2.000        1.000        0.000        0.000        0.000        1.000        0.000        0.000        0.000        0.000        0.000
   644:       52.000        1.000        0.780        0.000        1.000        0.000        0.000       14.990        1.000        0.000        0.000        0.000        0.000        0.000
K:
     0:        1.000        2.000
T:
     0:        0.790       15.000       27.760       84.880
