File: C:\MED-PC\Data\2017-11-14_12h08m_Subject 423.txt


Start Date: 11/14/17
End Date: 11/14/17
Subject: 423
Experiment: ACI JAX 11.14
Group: 0
Box: 4
Start Time: 12:08:41
End Time: 12:30:31
MSN: Discrimination Tone Training_v3
C:      22.000
D:      25.000
E:       0.000
F:       1.000
G:       2.000
H:       2.000
I:     658.000
J:       0.000
L:       0.000
M:      52.000
N:       1.000
O:       0.000
P:       0.000
Q:       0.000
R:       0.000
S:       0.000
U:       0.000
V:       0.000
W:       0.000
X:       0.000
Y:       0.000
Z:       0.000
A:
     0:     2000.000       75.000       30.000     9000.000       63.000       30.000       10.000        1.000
B:
     0:        1.000        2.000       18.510        0.000        0.000        0.000        0.000        0.000        1.000        0.000        0.000        0.000        0.000        0.000
    14:        2.000        2.000        1.800        0.000        0.000        0.000        0.000        0.000        1.000        0.000        0.000        0.000        0.000        0.000
    28:        3.000        2.000        2.180        0.000        0.000        0.000        0.000        0.000        1.000        0.000        0.000        0.000        0.000        0.000
    42:        4.000        2.000       18.380        0.000        0.000        0.000        0.000        0.000        1.000        0.000        0.000        0.000        0.000        0.000
    56:        5.000        2.000        2.110        0.000        0.000        0.000        0.000        0.000        1.000        0.000        0.000        0.000        0.000        0.000
    70:        6.000        1.000       13.020        0.000        0.000        0.000        0.000        0.000        1.000        0.000        2.000        0.000      101.040        0.000
    84:        7.000        2.000       20.890        0.000        0.000        0.000        0.000        0.000        1.000        0.000        2.000        0.000       15.050        0.000
    98:        8.000        1.000        1.700        0.000        2.000        0.000        0.000      139.190        1.000        0.000        0.000        0.000        0.000        0.000
   112:        9.000        2.000        2.100        0.000        0.000        0.000        0.000        0.000        1.000        0.000        0.000        0.000        0.000        0.000
   126:       10.000        2.000       12.720        0.000        0.000        0.000        0.000        0.000        1.000        0.000        1.000        0.000       27.240        0.000
   140:       11.000        1.000        0.870        0.000        1.000        0.000        0.000       36.740        1.000        0.000        0.000        0.000        0.000        0.000
   154:       12.000        2.000       18.730        1.000        0.000        0.000        0.000        0.000        1.000        0.000        0.000        0.000        0.000        0.000
   168:       13.000        1.000        1.020        0.000        0.000        0.000        0.000        0.000        1.000        0.000        0.000        0.000        0.000        0.000
   182:       14.000        1.000       13.810        2.000        1.000        0.000        0.000        0.000        1.000        0.000        0.000        0.000        0.000        0.000
   196:       15.000        1.000       16.210        0.000        2.000        0.000        0.000       65.120        1.000        0.000        0.000        0.000        0.000        0.000
   210:       16.000        2.000        0.000        0.000        0.000        0.000        0.000        0.000        0.000        0.000        7.000        0.000      107.340        0.000
   224:       17.000        1.000       41.940        0.000        1.000        0.000        0.000        1.050        1.000        0.000        0.000        0.000        0.000        0.000
   238:       18.000        2.000       24.560        0.000        0.000        0.000        0.000        0.000        1.000        0.000        0.000        0.000        0.000        0.000
   252:       19.000        2.000       29.520        0.000        0.000        0.000        0.000        0.000        0.000        1.000        2.000        0.000       56.510        0.000
   266:       20.000        1.000        5.310        0.000        1.000        0.000        0.000       57.950        1.000        0.000        0.000        0.000        0.000        0.000
   280:       21.000        1.000        0.000        0.000        0.000        0.000        0.000        0.000        0.000        0.000        0.000        1.000        0.000        0.000
   294:       22.000        1.000       43.070        0.000        1.000        0.000        0.000        1.080        1.000        0.000        0.000        0.000        0.000        0.000
   308:       23.000        1.000        0.000        2.000        0.000        0.000        0.000        0.000        0.000        0.000        0.000        1.000        0.000        0.000
   322:       24.000        2.000       53.720        1.000        0.000        0.000        0.000        0.000        1.000        0.000        1.000        0.000      113.130      452.170
   336:       25.000        1.000        3.270        0.000        1.000        0.000        0.000       15.290        1.000        0.000        0.000        0.000        0.000        0.000
   350:       26.000        2.000       29.750        0.000        0.000        0.000        0.000        0.000        0.000        1.000        5.000        0.000       27.610        0.000
   364:       27.000        2.000        9.740        0.000        0.000        0.000        0.000        0.000        1.000        0.000        0.000        0.000        0.000        0.000
   378:       28.000        2.000       12.210        1.000        0.000        0.000        0.000        0.000        1.000        0.000        2.000        0.000       25.830        0.000
   392:       29.000        2.000        2.060        0.000        0.000        0.000        0.000        0.000        1.000        0.000        0.000        0.000        0.000        0.000
   406:       30.000        2.000       10.440        0.000        0.000        0.000        0.000        0.000        1.000        0.000        1.000        0.000       16.530        0.000
   420:       31.000        2.000       17.710        0.000        0.000        0.000        0.000        0.000        1.000        0.000        0.000        0.000        0.000        0.000
   434:       32.000        1.000        6.350        0.000        1.000        0.000        0.000      125.480        1.000        0.000        0.000        0.000        0.000        0.000
   448:       33.000        1.000        0.000        0.000        0.000        0.000        0.000        0.000        0.000        0.000        0.000        1.000        0.000        0.000
   462:       34.000        2.000        0.000        0.000        0.000        0.000        1.000        0.000        0.000        0.000        4.000        0.000      106.330        0.000
   476:       35.000        2.000      111.210        0.000        0.000        0.000        0.000        0.000        1.000        0.000        9.000        0.000        0.110        0.000
   490:       36.000        1.000       19.670        0.000        0.000        0.000        0.000        0.000        1.000        0.000        2.000        0.000        3.680        0.000
   504:       37.000        2.000       14.680        0.000        0.000        0.000        0.000        0.000        1.000        0.000        0.000        0.000        0.000        0.000
   518:       38.000        1.000       14.540        0.000        0.000        0.000        0.000        0.000        1.000        0.000        0.000        0.000        0.000        0.000
   532:       39.000        2.000       24.560        4.000        0.000        0.000        0.000        0.000        1.000        0.000        0.000        0.000        0.000        0.000
   546:       40.000        2.000       29.210        0.000        0.000        0.000        0.000        0.000        0.000        1.000        3.000        0.000       88.040        0.000
   560:       41.000        2.000       10.770        0.000        0.000        0.000        0.000        0.000        1.000        0.000        0.000        0.000        0.000        0.000
   574:       45.000        1.000        1.870        0.000        1.000        0.000        0.000      196.510        1.000        0.000        0.000        0.000        0.000        0.000
   588:       46.000        1.000        0.000        0.000        0.000        0.000        0.000        0.000        0.000        0.000        0.000        1.000        0.000        0.000
   602:       47.000        1.000       41.360        0.000        1.000        0.000        0.000        0.930        1.000        0.000        0.000        0.000        0.000        0.000
   616:       48.000        1.000        0.000        0.000        0.000        1.000        0.000        0.000        0.000        0.000        0.000        1.000        0.000        0.000
   630:       49.000        1.000       41.600        0.000        0.000        0.000        0.000        0.000        1.000        0.000        0.000        0.000        0.000        0.000
   644:       52.000        1.000       25.240        2.000        4.000        0.000        0.000        0.000        1.000        0.000        0.000        0.000        0.000        0.000
K:
     0:        1.000        2.000
T:
     0:       25.250       48.280      179.980      612.180
