File: C:\MED-PC\Data\2017-11-11_17h02m_Subject 416.txt


Start Date: 11/11/17
End Date: 11/11/17
Subject: 416
Experiment: ACI JAX 11.11
Group: 0
Box: 1
Start Time: 17:02:33
End Time: 17:32:10
MSN: Discrimination Tone Training_v3
C:      25.000
D:      25.000
E:       0.000
F:       1.000
G:       2.000
H:       2.000
I:     700.000
J:       0.000
L:       0.000
M:      52.000
N:       1.000
O:       0.000
P:       0.000
Q:       0.000
R:       0.000
S:       0.000
U:       0.000
V:       0.000
W:       0.000
X:       0.000
Y:       0.000
Z:       0.000
A:
     0:     2000.000       75.000       30.000     9000.000       63.000       30.000       10.000        1.000
B:
     0:        1.000        1.000        0.000        0.000        0.000        0.000        0.000        0.000        0.000        0.000        0.000        1.000        0.000        0.000
    14:        2.000        2.000       42.250        0.000        0.000        0.000        0.000        0.000        1.000        0.000        0.000        0.000        0.000        0.000
    28:        3.000        1.000        2.780        0.000        5.000        0.000        0.000       15.370        1.000        0.000        0.000        0.000        0.000        0.000
    42:        4.000        1.000        3.120        0.000        3.000        0.000        0.000        1.060        1.000        0.000        0.000        0.000        0.000        0.000
    56:        5.000        1.000        0.350        0.000        5.000        0.000        0.000        0.880        1.000        0.000        0.000        0.000        0.000        0.000
    70:        6.000        2.000        0.000        3.000        0.000        0.000        0.000        0.000        0.000        0.000        8.000        0.000       96.980        0.000
    84:        7.000        2.000       42.540        0.000        0.000        0.000        0.000        0.000        1.000        0.000        0.000        0.000        0.000        0.000
    98:        8.000        1.000        2.500        0.000        0.000        0.000        0.000        0.000        1.000        0.000        0.000        0.000        0.000        0.000
   112:        9.000        1.000        4.330        0.000        9.000        0.000        0.000       35.630        1.000        0.000        0.000        0.000        0.000        0.000
   126:       10.000        1.000        0.000        4.000        0.000        0.000        0.000        0.000        0.000        0.000        2.000        0.000       66.270        0.000
   140:       11.000        1.000       41.650        0.000        7.000        0.000        0.000        1.070        1.000        0.000        0.000        0.000        0.000        0.000
   154:       12.000        2.000        0.000        3.000        0.000        0.000        0.000        0.000        0.000        0.000       11.000        0.000       11.560      131.770
   168:       13.000        1.000       41.450        0.000        5.000        0.000        0.000        1.300        1.000        0.000        0.000        0.000        0.000        0.000
   182:       14.000        2.000        0.000        3.000        0.000        0.000        0.000        0.000        0.000        0.000        7.000        0.000       19.320        1.510
   196:       15.000        2.000       52.740        0.000        0.000        0.000        0.000        0.000        1.000        0.000        2.000        0.000        2.760        0.000
   210:       16.000        1.000       18.000        0.000        4.000        0.000        0.000       30.630        1.000        0.000        5.000        0.000        2.210        0.000
   224:       17.000        2.000       25.230        2.000        2.000        0.000        0.000        0.000        1.000        0.000        4.000        0.000        3.300        0.000
   238:       18.000        2.000        4.440        0.000        0.000        0.000        0.000        0.000        1.000        0.000        0.000        0.000        0.000        0.000
   252:       19.000        2.000        1.560        0.000        1.000        0.000        0.000       34.660        1.000        0.000        0.000        0.000        0.000        0.000
   266:       20.000        2.000        0.000        1.000        0.000        0.000        0.000        0.000        0.000        0.000        5.000        0.000       28.590        0.000
   280:       21.000        2.000       44.780        0.000        0.000        0.000        0.000        0.000        1.000        0.000        0.000        0.000        0.000        0.000
   294:       22.000        1.000        6.910        0.000        8.000        0.000        0.000       19.700        1.000        0.000        0.000        0.000        0.000        0.000
   308:       23.000        1.000        6.510        0.000        0.000        0.000        0.000        0.000        1.000        0.000        0.000        0.000        0.000        0.000
   322:       24.000        2.000        0.000        0.000        0.000        0.000        0.000        0.000        0.000        0.000        0.000        1.000        0.000        0.000
   336:       25.000        2.000       42.530        0.000        0.000        0.000        0.000        0.000        1.000        0.000        0.000        0.000        0.000        0.000
   350:       26.000        2.000        1.470        0.000        0.000        0.000        0.000        0.000        1.000        0.000        0.000        0.000        0.000        0.000
   364:       27.000        2.000        4.280        0.000        0.000        0.000        0.000        0.000        1.000        0.000        1.000        0.000      116.420        0.000
   378:       28.000        2.000        3.410        0.000        0.000        0.000        0.000        0.000        1.000        0.000        0.000        0.000        0.000        0.000
   392:       29.000        2.000        0.860        0.000        0.000        0.000        0.000        0.000        1.000        0.000        0.000        0.000        0.000        0.000
   406:       30.000        1.000        2.010        0.000        1.000        0.000        0.000      122.860        1.000        0.000        0.000        0.000        0.000        0.000
   420:       31.000        1.000        4.030        0.000        7.000        0.000        0.000        1.850        1.000        0.000        0.000        0.000        0.000        0.000
   434:       32.000        1.000       10.300        3.000        2.000        0.000        0.000        0.000        1.000        0.000        0.000        0.000        0.000        0.000
   448:       33.000        2.000       16.800        2.000        1.000        0.000        0.000        0.000        1.000        0.000        1.000        0.000       78.230      365.340
   462:       34.000        1.000       11.610        0.000        2.000        0.000        0.000       55.820        1.000        0.000        1.000        0.000        1.140       15.820
   476:       35.000        1.000        7.280        1.000        4.000        0.000        0.000        0.000        1.000        0.000        0.000        0.000        0.000        0.000
   490:       36.000        2.000        0.000        3.000        0.000        0.000        0.000        0.000        0.000        0.000        5.000        0.000       24.480        0.000
   504:       37.000        2.000       57.320        0.000        0.000        0.000        0.000        0.000        1.000        0.000        4.000        0.000        1.000        0.000
   518:       38.000        2.000       26.860        4.000        3.000        0.000        0.000        0.000        1.000        0.000        6.000        0.000        6.330        0.000
   532:       39.000        2.000        5.760        2.000        0.000        0.000        0.000        0.000        1.000        0.000        1.000        0.000        1.130      103.410
   546:       40.000        1.000        3.910        1.000        7.000        0.000        0.000        0.000        1.000        0.000        0.000        0.000        0.000        0.000
   560:       41.000        1.000        4.520        0.000        9.000        0.000        0.000      158.080        1.000        0.000        0.000        0.000        0.000        0.000
   574:       42.000        1.000        0.650        0.000        2.000        0.000        0.000        5.780        1.000        0.000        0.000        0.000        0.000        0.000
   588:       43.000        2.000       15.050        3.000        2.000        0.000        0.000        0.000        1.000        0.000        2.000        0.000       48.790        0.000
   602:       44.000        2.000        0.000        1.000        0.000        0.000        0.000        0.000        0.000        0.000        8.000        0.000        2.250        0.000
   616:       45.000        1.000       43.730        1.000        5.000        0.000        0.000        0.000        1.000        0.000        0.000        0.000        0.000        0.000
   630:       46.000        1.000        1.950        0.000        7.000        0.000        0.000       69.120        1.000        0.000        0.000        0.000        0.000        0.000
   644:       47.000        2.000       11.820        0.000        0.000        0.000        0.000        0.000        1.000        0.000        2.000        0.000       27.320        0.000
   658:       48.000        1.000        1.670        0.000        5.000        0.000        0.000       14.040        1.000        0.000        0.000        0.000        0.000        0.000
   672:       49.000        1.000        1.990        0.000        4.000        0.000        0.000        1.390        1.000        0.000        0.000        0.000        0.000        0.000
   686:       52.000        1.000        2.940        1.000        3.000        0.000        0.000        0.000        1.000        0.000        0.000        0.000        0.000        0.000
K:
     0:        1.000        2.000
T:
     0:        2.950       10.010       40.680      150.720
