File: C:\MED-PC\Data\2017-11-23_10h12m_Subject 172.txt


Start Date: 11/23/17
End Date: 11/23/17
Subject: 172
Experiment: ACI JAX 11.23
Group: 0
Box: 3
Start Time: 10:12:38
End Time: 10:33:43
MSN: Discrimination Tone Training_v3
C:      25.000
D:      24.000
E:       0.000
F:       1.000
G:       2.000
H:       2.000
I:     686.000
J:       0.000
L:       0.000
M:      51.000
N:       2.000
O:       0.000
P:       0.000
Q:       0.000
R:       0.000
S:       0.000
U:       0.000
V:       0.000
W:       0.000
X:       0.000
Y:       0.000
Z:       0.000
A:
     0:     2000.000       75.000       15.000     9000.000       63.000       15.000       10.000        1.000
B:
     0:        1.000        1.000        0.000        2.000        0.000        0.000        3.000        0.000        0.000        0.000        3.000        0.000        8.060        0.000
    14:        2.000        2.000       28.220        2.000        2.000        0.000        1.000        0.000        1.000        0.000        0.000        0.000        0.000        0.000
    28:        3.000        2.000        7.410        0.000        0.000        0.000        0.000        0.000        1.000        0.000        0.000        0.000        0.000        0.000
    42:        4.000        1.000        0.000        2.000        0.000        0.000        0.000        0.000        0.000        0.000        1.000        0.000       38.050       58.420
    56:        5.000        1.000        0.000        1.000        0.000        0.000        0.000        0.000        0.000        0.000        0.000        1.000        0.000        0.000
    70:        6.000        2.000       59.750        0.000        0.000        0.000        0.000        0.000        1.000        0.000        0.000        0.000        0.000        0.000
    84:        7.000        2.000        6.330        0.000        2.000        0.000        0.000      110.970        1.000        0.000        0.000        0.000        0.000        0.000
    98:        8.000        1.000        0.000        0.000        0.000        0.000        1.000        0.000        0.000        0.000        1.000        0.000       69.530       12.100
   112:        9.000        1.000        0.000        1.000        0.000        0.000        0.000        0.000        0.000        0.000        0.000        1.000        0.000        0.000
   126:       10.000        2.000       57.400        0.000        0.000        0.000        0.000        0.000        1.000        0.000        1.000        0.000       26.570        0.000
   140:       11.000        1.000        0.000        0.000        0.000        0.000        0.000        0.000        0.000        0.000        1.000        0.000        6.240        0.000
   154:       12.000        2.000       29.860        0.000        0.000        0.000        0.000        0.000        1.000        0.000        0.000        0.000        0.000        0.000
   168:       13.000        1.000        0.000        0.000        0.000        0.000        0.000        0.000        0.000        0.000        0.000        1.000        0.000        0.000
   182:       14.000        2.000       28.520        0.000        0.000        0.000        0.000        0.000        1.000        0.000        0.000        0.000        0.000        0.000
   196:       15.000        2.000        8.270        0.000        0.000        0.000        0.000        0.000        1.000        0.000        0.000        0.000        0.000        0.000
   210:       16.000        1.000        0.000        3.000        0.000        1.000        0.000        0.000        0.000        0.000        0.000        1.000        0.000        0.000
   224:       17.000        2.000       30.100        0.000        0.000        0.000        0.000        0.000        1.000        0.000        0.000        0.000        0.000        0.000
   238:       18.000        2.000        9.220        0.000        0.000        0.000        0.000        0.000        1.000        0.000        0.000        0.000        0.000        0.000
   252:       19.000        1.000        2.720        0.000        4.000        0.000        0.000      176.070        1.000        0.000        0.000        0.000        0.000        0.000
   266:       20.000        1.000        0.000        0.000        0.000        1.000        0.000        0.000        0.000        0.000        0.000        1.000        0.000        0.000
   280:       21.000        1.000        0.000        0.000        0.000        0.000        1.000        0.000        0.000        0.000        1.000        0.000      183.740      241.440
   294:       22.000        1.000       62.180        0.000        5.000        0.000        0.000        1.510        1.000        0.000        0.000        0.000        0.000        0.000
   308:       23.000        1.000        0.290        0.000        3.000        0.000        0.000        1.160        1.000        0.000        0.000        0.000        0.000        0.000
   322:       24.000        2.000        0.000        3.000        0.000        3.000        0.000        0.000        0.000        0.000        0.000        1.000        0.000        0.000
   336:       25.000        1.000        0.000        2.000        0.000        0.000        0.000        0.000        0.000        0.000        0.000        1.000        0.000        0.000
   350:       26.000        2.000       59.010        0.000        0.000        0.000        0.000        0.000        1.000        0.000        0.000        0.000        0.000        0.000
   364:       27.000        1.000        1.110        0.000        4.000        0.000        0.000       13.210        1.000        0.000        0.000        0.000        0.000        0.000
   378:       28.000        2.000        4.160        1.000        1.000        0.000        0.000        0.000        1.000        0.000        0.000        0.000        0.000        0.000
   392:       29.000        1.000        0.000        0.000        0.000        0.000        1.000        0.000        0.000        0.000        1.000        0.000      141.950        6.930
   406:       30.000        1.000       31.610        0.000        3.000        0.000        0.000       43.680        1.000        0.000        0.000        0.000        0.000        0.000
   420:       31.000        2.000        8.590        2.000        0.000        0.000        0.000        0.000        1.000        0.000        0.000        0.000        0.000        0.000
   434:       32.000        2.000        8.410        0.000        0.000        0.000        0.000        0.000        1.000        0.000        0.000        0.000        0.000        0.000
   448:       33.000        1.000        2.740        0.000        4.000        0.000        0.000       34.370        1.000        0.000        0.000        0.000        0.000        0.000
   462:       34.000        2.000        8.380        2.000        0.000        0.000        0.000        0.000        1.000        0.000        0.000        0.000        0.000        0.000
   476:       35.000        2.000        1.700        0.000        0.000        0.000        0.000        0.000        1.000        0.000        0.000        0.000        0.000        0.000
   490:       36.000        2.000       14.290        0.000        0.000        0.000        0.000        0.000        0.000        1.000        0.000        0.000        0.000        0.000
   504:       37.000        2.000        6.650        0.000        0.000        0.000        0.000        0.000        1.000        0.000        0.000        0.000        0.000        0.000
   518:       38.000        1.000        7.920        0.000        2.000        0.000        0.000       75.620        1.000        0.000        0.000        0.000        0.000        0.000
   532:       39.000        1.000        0.000        3.000        0.000        1.000        0.000        0.000        0.000        0.000        0.000        1.000        0.000        0.000
   546:       40.000        1.000       27.790        0.000        5.000        0.000        0.000        1.300        1.000        0.000        0.000        0.000        0.000        0.000
   560:       41.000        2.000        4.120        0.000        0.000        0.000        0.000        0.000        1.000        0.000        0.000        0.000        0.000        0.000
   574:       42.000        2.000        4.110        0.000        0.000        0.000        0.000        0.000        1.000        0.000        0.000        0.000        0.000        0.000
   588:       43.000        2.000        6.090        0.000        0.000        0.000        0.000        0.000        1.000        0.000        0.000        0.000        0.000        0.000
   602:       44.000        1.000        0.000        0.000        0.000        0.000        0.000        0.000        0.000        0.000        0.000        1.000        0.000        0.000
   616:       45.000        1.000       31.910        0.000        1.000        0.000        0.000       76.340        1.000        0.000        0.000        0.000        0.000        0.000
   630:       46.000        1.000        0.000        1.000        0.000        1.000        0.000        0.000        0.000        0.000        0.000        1.000        0.000        0.000
   644:       47.000        2.000       27.560        0.000        0.000        0.000        0.000        0.000        1.000        0.000        0.000        0.000        0.000        0.000
   658:       48.000        1.000        0.000        0.000        0.000        0.000        0.000        0.000        0.000        0.000        1.000        0.000      342.260        0.000
   672:       51.000        2.000       32.950        0.000        0.000        0.000        0.000        0.000        1.000        0.000        0.000        0.000        0.000        0.000
K:
     0:        1.000        2.000
T:
     0:       32.960       53.990       14.840       31.890
