File: C:\MED-PC\Data\2017-11-13_10h18m_Subject 416.txt


Start Date: 11/13/17
End Date: 11/13/17
Subject: 416
Experiment: ACI JAX 11.13
Group: 0
Box: 1
Start Time: 10:18:28
End Time: 10:40:39
MSN: Discrimination Tone Training_v3
C:      22.000
D:      25.000
E:       0.000
F:       1.000
G:       2.000
H:       2.000
I:     658.000
J:       0.000
L:       0.000
M:      52.000
N:       1.000
O:       0.000
P:       0.000
Q:       0.000
R:       0.000
S:       0.000
U:       0.000
V:       0.000
W:       0.000
X:       0.000
Y:       0.000
Z:       0.000
A:
     0:     2000.000       75.000       30.000     9000.000       63.000       30.000       10.000        1.000
B:
     0:        1.000        1.000        0.000        0.000        0.000        0.000        0.000        0.000        0.000        0.000        5.000        0.000        6.550        0.000
    14:        2.000        2.000       63.450        0.000        0.000        0.000        0.000        0.000        1.000        0.000        0.000        0.000        0.000        0.000
    28:        3.000        2.000        4.770        0.000        0.000        0.000        0.000        0.000        1.000        0.000        0.000        0.000        0.000        0.000
    42:        4.000        2.000        7.200        0.000        0.000        0.000        0.000        0.000        1.000        0.000        0.000        0.000        0.000        0.000
    56:        5.000        2.000        5.350        0.000        0.000        0.000        0.000        0.000        1.000        0.000        0.000        0.000        0.000        0.000
    70:        6.000        2.000        0.670        0.000        0.000        0.000        0.000        0.000        1.000        0.000        0.000        0.000        0.000        0.000
    84:        7.000        1.000        0.000        0.000        0.000        0.000        0.000        0.000        0.000        0.000        5.000        0.000       96.340        0.000
    98:        8.000        1.000        0.000        2.000        0.000        0.000       13.000        0.000        0.000        0.000        4.000        0.000        1.920      177.510
   112:        9.000        1.000       92.300        4.000        1.000        0.000        0.000        0.000        1.000        0.000        0.000        0.000        0.000        0.000
   126:       10.000        1.000        9.930        0.000        1.000        0.000        0.000      187.760        1.000        0.000        0.000        0.000        0.000        0.000
   140:       11.000        1.000       12.570        1.000        1.000        0.000        0.000        0.000        1.000        0.000        1.000        0.000       50.630        2.100
   154:       12.000        2.000        9.300        0.000        5.000        0.000        0.000       25.050        1.000        0.000        2.000        0.000        3.670        0.000
   168:       13.000        1.000       28.990        2.000        2.000        0.000        0.000        0.000        1.000        0.000        0.000        0.000        0.000        0.000
   182:       14.000        2.000        5.680        0.000        0.000        0.000        0.000        0.000        1.000        0.000        0.000        0.000        0.000        0.000
   196:       15.000        2.000        8.480        0.000        3.000        0.000        0.000       41.480        1.000        0.000        1.000        0.000       59.440       87.130
   210:       16.000        2.000       15.940        0.000        3.000        0.000        0.000        0.000        1.000        0.000        1.000        0.000        1.300        0.000
   224:       17.000        2.000        7.570        0.000        0.000        0.000        0.000        0.000        1.000        0.000        0.000        0.000        0.000        0.000
   238:       18.000        2.000       10.050        0.000        0.000        0.000        0.000        0.000        1.000        0.000        2.000        0.000       18.970        0.000
   252:       19.000        1.000       19.300        0.000        2.000        0.000        0.000       71.090        1.000        0.000        2.000        0.000        2.270        0.000
   266:       20.000        2.000       21.280        0.000        0.000        0.000        0.000        0.000        1.000        0.000        4.000        0.000        2.990        0.000
   280:       21.000        1.000        2.600        0.000        2.000        0.000        0.000       14.680        1.000        0.000        0.000        0.000        0.000        0.000
   294:       22.000        1.000        0.720        0.000        8.000        0.000        0.000        1.510        1.000        0.000        0.000        0.000        0.000        0.000
   308:       23.000        2.000        0.000        0.000        1.000        0.000        0.000        0.000        0.000        0.000        4.000        0.000       43.750        0.000
   322:       24.000        2.000       49.950        0.000        0.000        0.000        0.000        0.000        1.000        0.000        2.000        0.000        2.450        0.000
   336:       25.000        1.000        2.310        0.000        2.000        0.000        0.000       14.760        1.000        0.000        0.000        0.000        0.000        0.000
   350:       26.000        1.000        5.950        0.000        3.000        0.000        0.000        1.190        1.000        0.000        2.000        0.000       13.900        0.000
   364:       27.000        2.000       20.760        0.000        0.000        0.000        0.000        0.000        1.000        0.000        8.000        0.000        0.690        0.000
   378:       28.000        2.000       23.260        0.000        0.000        0.000        0.000        0.000        1.000        0.000        0.000        0.000        0.000        0.000
   392:       29.000        2.000       14.560        0.000        0.000        0.000        0.000        0.000        1.000        0.000        5.000        0.000       35.970        0.000
   406:       30.000        1.000        6.030        0.000        0.000        0.000        0.000        0.000        1.000        0.000        0.000        0.000        0.000        0.000
   420:       31.000        2.000       10.760        0.000        0.000        0.000        0.000        0.000        1.000        0.000        2.000        0.000       17.300        0.000
   434:       32.000        2.000        3.830        0.000        1.000        0.000        0.000      120.010        1.000        0.000        0.000        0.000        0.000        0.000
   448:       33.000        2.000        0.000        0.000        0.000        0.000        0.000        0.000        0.000        0.000        7.000        0.000       17.860        0.000
   462:       34.000        1.000        0.000        0.000        0.000        0.000        0.000        0.000        0.000        0.000        3.000        0.000        6.960        0.000
   476:       35.000        1.000        0.000        0.000        0.000        0.000        0.000        0.000        0.000        0.000        1.000        0.000       24.960        0.000
   490:       36.000        2.000      126.600        0.000        0.000        0.000        0.000        0.000        1.000        0.000        0.000        0.000        0.000        0.000
   504:       37.000        1.000       20.540        0.000        3.000        0.000        0.000       32.840        1.000        0.000        1.000        0.000       23.650      549.490
   518:       38.000        1.000        2.950        0.000        9.000        0.000        0.000        1.150        1.000        0.000        0.000        0.000        0.000        0.000
   532:       39.000        2.000       29.070        0.000        0.000        0.000        0.000        0.000        0.000        1.000        1.000        0.000       28.360        0.000
   546:       40.000        2.000        2.650        0.000        0.000        0.000        0.000        0.000        1.000        0.000        0.000        0.000        0.000        0.000
   560:       41.000        1.000       10.760        0.000        0.000        0.000        0.000        0.000        1.000        0.000        0.000        0.000        0.000        0.000
   574:       42.000        1.000        1.060        0.000        7.000        0.000        0.000       48.750        1.000        0.000        0.000        0.000        0.000        0.000
   588:       43.000        2.000       14.710        0.000        0.000        0.000        0.000        0.000        1.000        0.000        0.000        0.000        0.000        0.000
   602:       44.000        2.000       14.660        0.000        0.000        0.000        0.000        0.000        1.000        0.000        0.000        0.000        0.000        0.000
   616:       47.000        1.000       29.210        0.000        2.000        0.000        0.000       69.060        1.000        0.000        4.000        0.000      102.210        0.000
   630:       49.000        1.000        0.200        0.000        4.000        0.000        0.000        1.570        1.000        0.000        0.000        0.000        0.000        0.000
   644:       52.000        1.000        0.060        0.000        1.000        0.000        0.000        9.320        1.000        0.000        0.000        0.000        0.000        0.000
K:
     0:        1.000        2.000
T:
     0:        0.070        9.330       23.310      191.250
