File: C:\MED-PC\Data\2017-11-11_18h25m_Subject 418.txt


Start Date: 11/11/17
End Date: 11/11/17
Subject: 418
Experiment: ACI JAX 11.11
Group: 0
Box: 1
Start Time: 18:25:10
End Time: 18:49:25
MSN: Discrimination Tone Training_v3
C:      22.000
D:      25.000
E:       0.000
F:       1.000
G:       2.000
H:       2.000
I:     658.000
J:       0.000
L:       0.000
M:      52.000
N:       1.000
O:       0.000
P:       0.000
Q:       0.000
R:       0.000
S:       0.000
U:       0.000
V:       0.000
W:       0.000
X:       0.000
Y:       0.000
Z:       0.000
A:
     0:     2000.000       75.000       30.000     9000.000       63.000       30.000       10.000        1.000
B:
     0:        1.000        1.000        0.000        0.000        0.000        0.000        0.000        0.000        0.000        0.000        3.000        0.000       16.400        0.000
    14:        2.000        2.000       42.590        0.000        0.000        0.000        0.000        0.000        1.000        0.000        0.000        0.000        0.000        0.000
    28:        3.000        2.000        1.330        0.000        0.000        0.000        0.000        0.000        1.000        0.000        0.000        0.000        0.000        0.000
    42:        4.000        2.000       13.790        0.000        0.000        0.000        0.000        0.000        1.000        0.000        0.000        0.000        0.000        0.000
    56:        5.000        2.000        7.930        0.000        0.000        0.000        0.000        0.000        1.000        0.000        0.000        0.000        0.000        0.000
    70:        6.000        2.000        4.200        0.000        0.000        0.000        0.000        0.000        1.000        0.000        0.000        0.000        0.000        0.000
    84:        7.000        1.000       22.910        0.000        4.000        0.000        0.000      110.650        1.000        0.000        0.000        0.000        0.000        0.000
    98:        8.000        1.000       14.390        1.000        2.000        0.000        0.000        0.000        1.000        0.000        2.000        0.000      122.000        0.000
   112:        9.000        1.000        0.120        0.000        3.000        0.000        0.000       12.860        1.000        0.000        0.000        0.000        0.000        0.000
   126:       10.000        1.000        9.480        2.000        6.000        0.000        0.000        0.000        1.000        0.000        0.000        0.000        0.000        0.000
   140:       11.000        1.000        0.020        0.000        2.000        0.000        0.000       12.280        1.000        0.000        0.000        0.000        0.000        0.000
   154:       12.000        2.000       29.270        4.000        0.000        0.000        0.000        0.000        0.000        1.000        9.000        0.000       47.270        0.000
   168:       13.000        1.000        0.140        0.000        2.000        0.000        0.000       12.730        1.000        0.000        0.000        0.000        0.000        0.000
   182:       14.000        2.000        0.000        3.000        0.000        0.000        0.000        0.000        0.000        0.000        8.000        0.000       12.920        0.000
   196:       15.000        2.000       42.940        0.000        2.000        0.000        0.000        3.100        1.000        0.000        0.000        0.000        0.000        0.000
   210:       16.000        2.000       18.540        0.000        0.000        0.000        0.000        0.000        1.000        0.000        3.000        0.000       13.300        0.000
   224:       17.000        2.000        0.000        0.000        0.000        0.000        0.000        0.000        0.000        0.000        0.000        1.000        0.000        0.000
   238:       18.000        2.000        0.000        0.000        0.000        0.000        0.000        0.000        0.000        0.000        1.000        0.000       70.340        0.000
   252:       19.000        1.000        0.000        0.000        0.000        0.000        0.000        0.000        0.000        0.000        7.000        0.000        2.930        0.000
   266:       20.000        2.000      133.070        0.000        0.000        0.000        0.000        0.000        1.000        0.000        0.000        0.000        0.000        0.000
   280:       21.000        1.000        0.000        0.000        0.000        0.000        0.000        0.000        0.000        0.000        8.000        0.000       21.990        0.000
   294:       22.000        1.000        0.000        0.000        0.000        0.000        1.000        0.000        0.000        0.000        4.000        0.000        2.280        0.000
   308:       23.000        2.000       87.200        0.000        0.000        0.000        0.000        0.000        1.000        0.000        0.000        0.000        0.000        0.000
   322:       24.000        2.000        0.000        0.000        0.000        0.000        0.000        0.000        0.000        0.000        8.000        0.000       18.220        0.000
   336:       25.000        1.000        0.000        0.000        0.000        0.000        0.000        0.000        0.000        0.000        4.000        0.000        6.000        0.000
   350:       26.000        1.000        0.000        0.000        0.000        0.000        0.000        0.000        0.000        0.000        3.000        0.000       12.710        0.000
   364:       27.000        2.000      131.200        0.000        0.000        0.000        0.000        0.000        1.000        0.000        0.000        0.000        0.000        0.000
   378:       28.000        2.000        8.320        0.000        0.000        0.000        0.000        0.000        1.000        0.000        0.000        0.000        0.000        0.000
   392:       29.000        2.000        4.850        0.000        0.000        0.000        0.000        0.000        1.000        0.000        0.000        0.000        0.000        0.000
   406:       30.000        1.000       22.680        1.000        6.000        0.000        0.000        0.000        1.000        0.000        1.000        0.000       55.710      774.540
   420:       31.000        2.000       17.760        2.000        0.000        0.000        0.000        0.000        1.000        0.000        0.000        0.000        0.000        0.000
   434:       32.000        2.000        0.000        8.000        0.000        0.000        0.000        0.000        0.000        0.000        3.000        0.000       42.130        0.000
   448:       33.000        2.000       46.230        0.000        0.000        0.000        0.000        0.000        1.000        0.000        0.000        0.000        0.000        0.000
   462:       34.000        1.000        0.000        0.000        0.000        0.000        0.000        0.000        0.000        0.000        5.000        0.000       19.150        0.000
   476:       35.000        1.000        0.000        0.000        0.000        0.000        0.000        0.000        0.000        0.000        1.000        0.000       16.440        0.000
   490:       36.000        2.000       83.290        0.000        0.000        0.000        0.000        0.000        1.000        0.000        0.000        0.000        0.000        0.000
   504:       37.000        1.000       10.820        0.000        0.000        0.000        0.000        0.000        1.000        0.000        1.000        0.000       16.100        0.000
   518:       38.000        1.000        2.240        0.000        4.000        0.000        0.000      670.520        1.000        0.000        0.000        0.000        0.000        0.000
   532:       39.000        2.000        8.380        0.000        1.000        0.000        0.000        0.000        1.000        0.000        0.000        0.000        0.000        0.000
   546:       40.000        2.000        0.000        0.000        0.000        0.000        0.000        0.000        0.000        0.000        2.000        0.000       58.360        0.000
   560:       41.000        1.000       41.480        0.000        6.000        0.000        0.000       54.980        1.000        0.000        0.000        0.000        0.000        0.000
   574:       42.000        1.000        0.000        1.000        1.000        0.000        0.000        0.000        0.000        0.000        0.000        1.000        0.000        0.000
   588:       43.000        2.000       52.430        0.000        0.000        0.000        0.000        0.000        1.000        0.000        0.000        0.000        0.000        0.000
   602:       44.000        2.000        7.490        0.000        0.000        0.000        0.000        0.000        1.000        0.000        0.000        0.000        0.000        0.000
   616:       47.000        1.000        4.910        0.000        1.000        0.000        0.000        0.000        1.000        0.000        0.000        0.000        0.000        0.000
   630:       49.000        1.000        9.180        0.000        2.000        0.000        0.000       62.750        1.000        0.000        0.000        0.000        0.000        0.000
   644:       52.000        1.000        1.060        0.000        3.000        0.000        0.000        1.720        1.000        0.000        0.000        0.000        0.000        0.000
K:
     0:        1.000        2.000
T:
     0:        1.070        1.730      145.600      379.480
