File: C:\MED-PC\Data\2017-11-15_11h13m_Subject 414.txt


Start Date: 11/15/17
End Date: 11/15/17
Subject: 414
Experiment: ACI JAX 11.15
Group: 0
Box: 4
Start Time: 11:13:38
End Time: 11:35:15
MSN: Discrimination Tone Training_v3
C:      24.000
D:      25.000
E:       0.000
F:       1.000
G:       2.000
H:       2.000
I:     686.000
J:       0.000
L:       0.000
M:      50.000
N:       1.000
O:       0.000
P:       0.000
Q:       0.000
R:       0.000
S:       0.000
U:       0.000
V:       0.000
W:       0.000
X:       0.000
Y:       0.000
Z:       0.000
A:
     0:     2000.000       75.000       30.000     9000.000       63.000       30.000       10.000        1.000
B:
     0:        1.000        2.000       21.110        0.000        0.000        0.000        0.000        0.000        1.000        0.000        0.000        0.000        0.000        0.000
    14:        2.000        2.000        3.600        0.000        0.000        0.000        0.000        0.000        1.000        0.000        0.000        0.000        0.000        0.000
    28:        3.000        1.000       18.640        0.000        2.000        0.000        0.000       45.540        1.000        0.000        1.000        0.000       53.110       13.540
    42:        4.000        1.000        0.430        0.000        2.000        0.000        0.000        1.090        1.000        0.000        0.000        0.000        0.000        0.000
    56:        5.000        2.000        0.000        1.000        0.000        0.000        0.000        0.000        0.000        0.000        8.000        0.000       11.900        0.970
    70:        6.000        1.000       57.350        0.000        1.000        0.000        0.000        1.710        1.000        0.000        0.000        0.000        0.000        0.000
    84:        7.000        1.000        2.010        0.000        2.000        0.000        0.000        0.000        1.000        0.000        0.000        0.000        0.000        0.000
    98:        8.000        2.000        0.000        0.000        0.000        0.000        0.000        0.000        0.000        0.000        2.000        0.000       56.600        0.000
   112:        9.000        1.000       66.620        0.000        2.000        0.000        0.000       78.520        1.000        0.000        0.000        0.000        0.000        0.000
   126:       10.000        1.000        0.060        0.000        2.000        0.000        0.000        5.840        1.000        0.000        0.000        0.000        0.000        0.000
   140:       11.000        2.000        0.000        0.000        0.000        0.000        0.000        0.000        0.000        0.000        5.000        0.000       52.680        0.000
   154:       12.000        1.000       62.650        0.000        2.000        0.000        0.000        1.230        1.000        0.000        3.000        0.000        2.470        0.000
   168:       13.000        2.000       21.140        0.000        0.000        0.000        0.000        0.000        1.000        0.000        6.000        0.000        0.090        0.000
   182:       14.000        2.000       19.890        0.000        0.000        0.000        0.000        0.000        1.000        0.000        0.000        0.000        0.000        0.000
   196:       15.000        1.000       10.960        0.000        1.000        0.000        0.000       60.170        1.000        0.000        1.000        0.000       32.540      227.430
   210:       16.000        2.000       23.160        0.000        0.000        0.000        0.000        0.000        1.000        0.000        7.000        0.000        0.300        0.000
   224:       17.000        2.000        0.000        7.000        0.000        0.000        0.000        0.000        0.000        0.000        4.000        0.000        0.470       39.430
   238:       18.000        2.000       45.950        0.000        0.000        0.000        0.000        0.000        1.000        0.000        0.000        0.000        0.000        0.000
   252:       19.000        2.000        1.910        0.000        0.000        0.000        0.000        0.000        1.000        0.000        0.000        0.000        0.000        0.000
   266:       20.000        2.000       17.890        0.000        0.000        0.000        0.000        0.000        1.000        0.000        2.000        0.000       29.860        0.000
   280:       21.000        1.000        0.000        0.000        0.000        0.000        0.000        0.000        0.000        0.000        2.000        0.000        7.000        0.000
   294:       22.000        2.000       49.040        0.000        0.000        0.000        0.000        0.000        1.000        0.000        2.000        0.000        1.090        0.000
   308:       23.000        2.000        7.480        0.000        0.000        0.000        0.000        0.000        1.000        0.000        0.000        0.000        0.000        0.000
   322:       24.000        2.000       12.660        0.000        0.000        0.000        0.000        0.000        1.000        0.000        0.000        0.000        0.000        0.000
   336:       25.000        2.000       23.200        0.000        0.000        0.000        0.000        0.000        1.000        0.000        0.000        0.000        0.000        0.000
   350:       26.000        2.000        1.250        0.000        0.000        0.000        0.000        0.000        1.000        0.000        0.000        0.000        0.000        0.000
   364:       27.000        2.000       18.810        0.000        0.000        0.000        0.000        0.000        1.000        0.000        1.000        0.000       97.900        0.000
   378:       28.000        1.000        0.000        0.000        0.000        0.000        0.000        0.000        0.000        0.000        0.000        1.000        0.000        0.000
   392:       29.000        1.000       50.490        0.000        1.000        0.000        0.000      339.880        1.000        0.000        2.000        0.000       42.420        0.000
   406:       30.000        2.000       20.160        1.000        2.000        0.000        0.000        0.000        1.000        0.000        4.000        0.000        2.020        0.000
   420:       31.000        1.000        1.780        0.000        1.000        0.000        0.000       14.100        1.000        0.000        0.000        0.000        0.000        0.000
   434:       32.000        1.000        4.820        1.000        2.000        0.000        0.000        0.000        1.000        0.000        0.000        0.000        0.000        0.000
   448:       33.000        1.000        3.070        0.000        0.000        0.000        0.000        0.000        1.000        0.000        0.000        0.000        0.000        0.000
   462:       34.000        1.000        6.740        0.000        1.000        0.000        0.000       33.000        1.000        0.000        0.000        0.000        0.000        0.000
   476:       35.000        1.000        8.530        2.000        2.000        0.000        0.000        0.000        1.000        0.000        0.000        0.000        0.000        0.000
   490:       36.000        1.000       16.690        2.000        1.000        0.000        0.000        0.000        1.000        0.000        0.000        0.000        0.000        0.000
   504:       37.000        2.000        0.000        0.000        0.000        0.000        0.000        0.000        0.000        0.000        3.000        0.000      107.870        0.000
   518:       38.000        1.000        0.000        0.000        0.000        0.000        0.000        0.000        0.000        0.000        6.000        0.000        2.560        0.000
   532:       39.000        2.000      100.160        0.000        0.000        0.000        0.000        0.000        1.000        0.000        3.000        0.000        4.890        0.000
   546:       40.000        1.000        0.000        0.000        0.000        0.000        0.000        0.000        0.000        0.000        4.000        0.000        6.680        0.000
   560:       41.000        1.000       55.970        0.000        1.000        0.000        0.000      207.260        1.000        0.000        1.000        0.000        8.470      575.510
   574:       42.000        2.000        0.000        0.000        0.000        0.000        0.000        0.000        0.000        0.000       10.000        0.000        0.530        0.000
   588:       43.000        2.000       43.280        0.000        0.000        0.000        0.000        0.000        1.000        0.000        0.000        0.000        0.000        0.000
   602:       44.000        1.000       14.930        0.000        0.000        0.000        0.000        0.000        1.000        0.000        1.000        0.000       22.170        0.000
   616:       45.000        1.000        3.660        0.000        0.000        0.000        0.000        0.000        1.000        0.000        0.000        0.000        0.000        0.000
   630:       46.000        1.000        1.690        0.000        0.000        0.000        0.000        0.000        1.000        0.000        0.000        0.000        0.000        0.000
   644:       47.000        2.000       10.390        0.000        0.000        0.000        0.000        0.000        1.000        0.000        0.000        0.000        0.000        0.000
   658:       48.000        2.000       29.240        0.000        0.000        0.000        0.000        0.000        0.000        1.000        0.000        0.000        0.000        0.000
   672:       50.000        1.000        2.960        0.000        2.000        0.000        0.000      131.550        1.000        0.000        0.000        0.000        0.000        0.000
K:
     0:        1.000        2.000
T:
     0:        2.970      131.560      103.080      182.810
