File: C:\MED-PC\Data\2017-11-28_10h29m_Subject 416.txt


Start Date: 11/28/17
End Date: 11/28/17
Subject: 416
Experiment: ACI JAX 11.28
Group: 0
Box: 1
Start Time: 10:29:00
End Time: 10:45:39
MSN: Discrimination Tone Training_v3
C:      20.000
D:      25.000
E:       0.000
F:       1.000
G:       2.000
H:       2.000
I:     630.000
J:       0.000
L:       0.000
M:      50.000
N:       1.000
O:       0.000
P:       0.000
Q:       0.000
R:       0.000
S:       0.000
U:       0.000
V:       0.000
W:       0.000
X:       0.000
Y:       0.000
Z:       0.000
A:
     0:     2000.000       75.000       10.000     9000.000       63.000       10.000       10.000        1.000
B:
     0:        1.000        2.000        9.640        0.000        0.000        0.000        0.000        0.000        0.000        1.000        0.000        0.000        0.000        0.000
    14:        2.000        2.000        2.850        0.000        1.000        0.000        0.000       20.460        1.000        0.000        0.000        0.000        0.000        0.000
    28:        3.000        1.000        0.000        0.000        0.000        0.000        2.000        0.000        0.000        0.000        2.000        0.000       36.670        0.000
    42:        4.000        1.000        0.000        1.000        0.000        0.000        0.000        0.000        0.000        0.000        0.000        1.000        0.000        0.000
    56:        5.000        2.000       49.390        0.000        0.000        0.000        0.000        0.000        1.000        0.000        0.000        0.000        0.000        0.000
    70:        6.000        1.000        9.520        0.000        2.000        0.000        0.000       21.750        1.000        0.000        2.000        0.000       41.190        0.000
    84:        7.000        2.000        4.140        0.000        1.000        0.000        0.000        7.320        1.000        0.000        0.000        0.000        0.000        0.000
    98:        8.000        2.000        2.340        0.000        0.000        0.000        0.000        0.000        1.000        0.000        0.000        0.000        0.000        0.000
   112:        9.000        2.000        4.460        0.000        0.000        0.000        0.000        0.000        1.000        0.000        0.000        0.000        0.000        0.000
   126:       10.000        2.000        5.490        0.000        0.000        0.000        0.000        0.000        1.000        0.000        0.000        0.000        0.000        0.000
   140:       11.000        1.000        2.150        0.000        4.000        0.000        0.000       46.240        1.000        0.000        0.000        0.000        0.000        0.000
   154:       12.000        2.000        2.800        0.000        0.000        0.000        0.000        0.000        1.000        0.000        0.000        0.000        0.000        0.000
   168:       13.000        2.000        3.950        0.000        0.000        0.000        0.000        0.000        1.000        0.000        0.000        0.000        0.000        0.000
   182:       14.000        2.000        0.140        0.000        0.000        0.000        0.000        0.000        1.000        0.000        0.000        0.000        0.000        0.000
   196:       15.000        2.000        2.850        0.000        0.000        0.000        0.000        0.000        1.000        0.000        1.000        0.000      114.060        0.000
   210:       16.000        1.000        0.150        0.000        2.000        0.000        0.000       52.280        1.000        0.000        0.000        0.000        0.000        0.000
   224:       17.000        2.000        9.060        0.000        0.000        0.000        0.000        0.000        0.000        1.000        3.000        0.000       11.440        0.000
   238:       18.000        2.000        9.230        0.000        0.000        0.000        0.000        0.000        0.000        1.000        0.000        0.000        0.000        0.000
   252:       19.000        1.000        0.000        9.000        0.000        0.000        0.000        0.000        0.000        0.000        0.000        1.000        0.000        0.000
   266:       20.000        1.000        0.000        0.000        0.000        0.000        0.000        0.000        0.000        0.000        0.000        1.000        0.000        0.000
   280:       21.000        2.000       45.840        0.000        0.000        0.000        0.000        0.000        1.000        0.000        0.000        0.000        0.000        0.000
   294:       22.000        1.000        8.720        0.000        7.000        0.000        0.000      100.620        1.000        0.000        1.000        0.000       80.960      327.300
   308:       23.000        2.000        0.830        0.000        0.000        0.000        0.000        0.000        1.000        0.000        0.000        0.000        0.000        0.000
   322:       24.000        1.000        3.950        0.000        5.000        0.000        0.000       16.030        1.000        0.000        1.000        0.000       13.750        3.110
   336:       25.000        2.000        9.190        0.000        0.000        0.000        0.000        0.000        0.000        1.000        1.000        0.000        0.400        0.000
   350:       26.000        2.000        6.950        0.000        0.000        0.000        0.000        0.000        1.000        0.000        1.000        0.000        1.410        0.000
   364:       27.000        1.000        0.100        0.000        2.000        0.000        0.000       30.080        1.000        0.000        0.000        0.000        0.000        0.000
   378:       28.000        1.000        2.210        0.000        0.000        0.000        0.000        0.000        1.000        0.000        0.000        0.000        0.000        0.000
   392:       29.000        2.000        4.720        0.000        0.000        0.000        0.000        0.000        1.000        0.000        0.000        0.000        0.000        0.000
   406:       30.000        2.000        6.560        0.000        0.000        0.000        0.000        0.000        1.000        0.000        2.000        0.000       40.450        0.000
   420:       31.000        1.000        0.140        0.000        4.000        0.000        0.000       45.650        1.000        0.000        0.000        0.000        0.000        0.000
   434:       32.000        1.000        0.730        0.000        2.000        0.000        0.000        1.160        1.000        0.000        0.000        0.000        0.000        0.000
   448:       33.000        2.000        5.280        0.000        0.000        0.000        0.000        0.000        1.000        0.000        1.000        0.000       23.410        0.000
   462:       34.000        2.000        0.360        0.000        0.000        0.000        0.000        0.000        1.000        0.000        0.000        0.000        0.000        0.000
   476:       35.000        1.000        1.030        0.000        0.000        0.000        0.000        0.000        1.000        0.000        0.000        0.000        0.000        0.000
   490:       36.000        1.000        0.000        0.000        0.000        0.000        0.000        0.000        0.000        0.000        3.000        0.000       25.110        0.000
   504:       37.000        2.000       26.820        0.000        0.000        0.000        0.000        0.000        1.000        0.000        1.000        0.000        1.610        0.000
   518:       38.000        1.000        0.060        0.000        2.000        0.000        0.000       73.570        1.000        0.000        0.000        0.000        0.000        0.000
   532:       39.000        2.000        9.600        0.000        0.000        0.000        0.000        0.000        0.000        1.000        3.000        0.000       11.500        0.000
   546:       40.000        2.000        2.930        0.000        0.000        0.000        0.000        0.000        1.000        0.000        0.000        0.000        0.000        0.000
   560:       41.000        1.000        9.760        0.000        4.000        0.000        0.000       35.710        1.000        0.000        2.000        0.000       21.300        0.000
   574:       42.000        1.000        0.060        0.000        3.000        0.000        0.000        0.880        1.000        0.000        0.000        0.000        0.000        0.000
   588:       43.000        2.000        5.990        0.000        0.000        0.000        0.000        0.000        1.000        0.000        3.000        0.000       11.160        0.000
   602:       47.000        1.000        4.750        0.000       10.000        0.000        0.000       19.790        1.000        0.000        2.000        0.000        1.650        0.000
   616:       50.000        1.000        1.130        0.000        4.000        0.000        0.000        1.160        1.000        0.000        0.000        0.000        0.000        0.000
K:
     0:        1.000        2.000
T:
     0:        1.140        1.170       11.150      322.550
