File: C:\MED-PC\Data\2017-11-21_10h26m_Subject 172.txt


Start Date: 11/21/17
End Date: 11/21/17
Subject: 172
Experiment: ACI JAX 11.21
Group: 0
Box: 3
Start Time: 10:26:04
End Time: 10:44:29
MSN: Discrimination Tone Training_v3
C:      21.000
D:      25.000
E:       0.000
F:       1.000
G:       2.000
H:       3.000
I:     644.000
J:       0.000
L:       0.000
M:      51.000
N:       1.000
O:       0.000
P:       0.000
Q:       0.000
R:       0.000
S:       0.000
U:       0.000
V:       0.000
W:       0.000
X:       0.000
Y:       0.000
Z:       0.000
A:
     0:     2000.000       75.000       15.000     9000.000       63.000       15.000       10.000        1.000
B:
     0:        1.000        1.000        0.000        5.000        0.000        2.000        0.000        0.000        0.000        0.000        0.000        1.000        0.000        0.000
    14:        2.000        2.000       29.480        0.000        0.000        1.000        0.000        0.000        1.000        0.000        0.000        0.000        0.000        0.000
    28:        3.000        2.000        7.580        0.000        2.000        0.000        0.000       25.800        1.000        0.000        0.000        0.000        0.000        0.000
    42:        4.000        1.000        0.000        0.000        0.000        0.000        0.000        0.000        0.000        0.000        1.000        0.000       62.350        0.000
    56:        5.000        1.000        0.000        2.000        0.000        0.000        1.000        0.000        0.000        0.000        2.000        0.000       11.310        0.000
    70:        6.000        1.000       56.790        0.000        4.000        0.000        0.000        1.110        1.000        0.000        0.000        0.000        0.000        0.000
    84:        7.000        2.000        5.290        1.000        0.000        0.000        0.000        0.000        1.000        0.000        0.000        0.000        0.000        0.000
    98:        8.000        2.000        3.050        0.000        1.000        0.000        0.000       22.490        1.000        0.000        0.000        0.000        0.000        0.000
   112:        9.000        2.000        5.830        0.000        0.000        0.000        0.000        0.000        1.000        0.000        0.000        0.000        0.000        0.000
   126:       10.000        1.000        0.000        0.000        0.000        4.000        0.000        0.000        0.000        0.000        0.000        1.000        0.000        0.000
   140:       11.000        2.000       30.330        0.000        0.000        0.000        0.000        0.000        1.000        0.000        0.000        0.000        0.000        0.000
   154:       12.000        1.000        2.350        0.000        1.000        0.000        0.000       55.860        1.000        0.000        0.000        0.000        0.000        0.000
   168:       13.000        2.000        9.760        1.000        2.000        0.000        0.000        0.000        1.000        0.000        0.000        0.000        0.000        0.000
   182:       14.000        2.000        7.530        0.000        0.000        0.000        0.000        0.000        1.000        0.000        0.000        0.000        0.000        0.000
   196:       15.000        2.000        6.060        0.000        0.000        0.000        0.000        0.000        1.000        0.000        0.000        0.000        0.000        0.000
   210:       16.000        2.000       10.680        0.000        0.000        0.000        0.000        0.000        1.000        0.000        0.000        0.000        0.000        0.000
   224:       17.000        1.000        3.610        0.000        4.000        0.000        0.000       73.240        1.000        0.000        0.000        0.000        0.000        0.000
   238:       18.000        1.000        4.110        1.000        1.000        0.000        0.000        0.000        1.000        0.000        0.000        0.000        0.000        0.000
   252:       19.000        2.000        6.750        0.000        0.000        0.000        0.000        0.000        1.000        0.000        0.000        0.000        0.000        0.000
   266:       20.000        1.000        0.480        0.000        0.000        0.000        0.000        0.000        1.000        0.000        0.000        0.000        0.000        0.000
   280:       21.000        2.000        8.840        0.000        0.000        0.000        0.000        0.000        1.000        0.000        1.000        0.000      256.190        0.000
   294:       22.000        2.000        0.000        0.000        0.000        0.000        0.000        0.000        0.000        0.000        2.000        0.000        3.660        0.000
   308:       23.000        2.000       31.010        0.000        0.000        0.000        0.000        0.000        1.000        0.000        0.000        0.000        0.000        0.000
   322:       24.000        1.000        9.820        0.000        0.000        0.000        0.000        0.000        1.000        0.000        0.000        0.000        0.000        0.000
   336:       25.000        1.000        0.000        2.000        0.000        0.000        0.000        0.000        0.000        0.000        1.000        0.000       48.920        0.000
   350:       26.000        2.000       31.360        0.000        0.000        0.000        0.000        0.000        1.000        0.000        0.000        0.000        0.000        0.000
   364:       27.000        1.000        5.500        0.000        2.000        0.000        0.000      171.800        1.000        0.000        0.000        0.000        0.000        0.000
   378:       28.000        1.000        0.490        0.000        3.000        0.000        0.000        1.190        1.000        0.000        0.000        0.000        0.000        0.000
   392:       29.000        1.000        0.000        3.000        1.000        0.000        0.000        0.000        0.000        0.000        0.000        1.000        0.000        0.000
   406:       30.000        1.000       29.710        0.000        2.000        0.000        0.000        1.020        1.000        0.000        0.000        0.000        0.000        0.000
   420:       31.000        2.000        8.530        0.000        1.000        0.000        0.000        9.030        1.000        0.000        0.000        0.000        0.000        0.000
   434:       32.000        2.000        5.570        0.000        0.000        0.000        0.000        0.000        1.000        0.000        0.000        0.000        0.000        0.000
   448:       33.000        2.000        6.940        0.000        0.000        0.000        0.000        0.000        1.000        0.000        1.000        0.000      124.540        0.000
   462:       34.000        2.000        5.780        0.000        0.000        0.000        0.000        0.000        1.000        0.000        1.000        0.000        2.330        0.000
   476:       35.000        2.000        4.090        0.000        0.000        0.000        0.000        0.000        1.000        0.000        0.000        0.000        0.000        0.000
   490:       36.000        2.000        7.540        0.000        0.000        0.000        0.000        0.000        1.000        0.000        1.000        0.000       19.810        0.000
   504:       37.000        2.000        5.530        0.000        0.000        0.000        0.000        0.000        1.000        0.000        1.000        0.000        1.570        0.000
   518:       38.000        2.000        6.990        0.000        0.000        0.000        0.000        0.000        1.000        0.000        0.000        0.000        0.000        0.000
   532:       39.000        1.000        2.960        0.000        3.000        0.000        0.000      118.280        1.000        0.000        0.000        0.000        0.000        0.000
   546:       40.000        1.000        0.000        2.000        1.000        0.000        0.000        0.000        0.000        0.000        0.000        1.000        0.000        0.000
   560:       41.000        2.000       31.140        0.000        0.000        0.000        0.000        0.000        1.000        0.000        0.000        0.000        0.000        0.000
   574:       42.000        2.000        0.000        0.000        0.000        0.000        0.000        0.000        0.000        0.000        0.000        1.000        0.000        0.000
   588:       43.000        1.000       36.240        0.000        2.000        0.000        0.000       52.780        1.000        0.000        1.000        0.000      106.780      734.870
   602:       47.000        1.000        0.000        1.000        3.000        0.000        0.000        0.000        0.000        0.000        0.000        1.000        0.000        0.000
   616:       48.000        1.000       28.780        0.000        0.000        0.000        0.000        0.000        1.000        0.000        0.000        0.000        0.000        0.000
   630:       51.000        1.000        0.000        6.000        3.000        0.000        0.000        0.000        0.000        0.000        0.000        1.000        0.000        0.000
K:
     0:        1.000        2.000
T:
     0:       25.120       38.140       66.930      734.880
