File: C:\MED-PC\Data\2017-11-20_10h25m_Subject 172.txt


Start Date: 11/20/17
End Date: 11/20/17
Subject: 172
Experiment: ACI JAX 11.20
Group: 0
Box: 3
Start Time: 10:25:01
End Time: 10:44:46
MSN: Discrimination Tone Training_v3
C:      21.000
D:      25.000
E:       0.000
F:       1.000
G:       2.000
H:       2.000
I:     644.000
J:       0.000
L:       0.000
M:      51.000
N:       1.000
O:       0.000
P:       0.000
Q:       0.000
R:       0.000
S:       0.000
U:       0.000
V:       0.000
W:       0.000
X:       0.000
Y:       0.000
Z:       0.000
A:
     0:     2000.000       75.000       15.000     9000.000       63.000       15.000       10.000        1.000
B:
     0:        1.000        2.000        5.920        0.000        0.000        0.000        0.000        0.000        1.000        0.000        0.000        0.000        0.000        0.000
    14:        2.000        2.000       10.330        0.000        0.000        0.000        0.000        0.000        1.000        0.000        0.000        0.000        0.000        0.000
    28:        3.000        1.000        0.000        0.000        0.000        0.000        1.000        0.000        0.000        0.000        2.000        0.000       44.290        0.000
    42:        4.000        2.000        0.000        0.000        0.000        0.000        0.000        0.000        0.000        0.000        0.000        1.000        0.000        0.000
    56:        5.000        1.000       59.870        2.000        6.000        0.000        0.000        0.000        1.000        0.000        0.000        0.000        0.000        0.000
    70:        6.000        2.000        4.480        0.000        0.000        0.000        0.000        0.000        1.000        0.000        0.000        0.000        0.000        0.000
    84:        7.000        2.000        3.880        0.000        0.000        0.000        0.000        0.000        1.000        0.000        0.000        0.000        0.000        0.000
    98:        8.000        2.000        3.510        0.000        0.000        0.000        0.000        0.000        1.000        0.000        0.000        0.000        0.000        0.000
   112:        9.000        2.000        3.690        1.000        0.000        0.000        0.000        0.000        1.000        0.000        0.000        0.000        0.000        0.000
   126:       10.000        1.000        0.000        0.000        0.000        0.000        0.000        0.000        0.000        0.000        2.000        0.000      115.430        0.000
   140:       11.000        2.000       29.250        0.000        0.000        0.000        0.000        0.000        1.000        0.000        0.000        0.000        0.000        0.000
   154:       12.000        2.000        3.860        0.000        0.000        0.000        0.000        0.000        1.000        0.000        0.000        0.000        0.000        0.000
   168:       13.000        1.000        0.000        1.000        0.000        0.000        0.000        0.000        0.000        0.000        0.000        1.000        0.000        0.000
   182:       14.000        1.000       28.230        0.000        3.000        0.000        0.000      254.900        1.000        0.000        0.000        0.000        0.000        0.000
   196:       15.000        2.000       13.470        1.000        1.000        0.000        0.000        0.000        1.000        0.000        0.000        0.000        0.000        0.000
   210:       16.000        2.000        5.440        0.000        0.000        0.000        0.000        0.000        1.000        0.000        0.000        0.000        0.000        0.000
   224:       17.000        2.000        6.480        0.000        0.000        0.000        0.000        0.000        1.000        0.000        0.000        0.000        0.000        0.000
   238:       18.000        2.000        0.000        0.000        0.000        0.000        0.000        0.000        0.000        0.000        0.000        1.000        0.000        0.000
   252:       19.000        1.000        0.000        0.000        0.000        0.000        0.000        0.000        0.000        0.000        0.000        1.000        0.000        0.000
   266:       20.000        1.000       64.760        0.000       14.000        0.000        0.000      110.770        1.000        0.000        0.000        0.000        0.000        0.000
   280:       21.000        1.000        0.000        3.000        0.000        0.000        0.000        0.000        0.000        0.000        0.000        1.000        0.000        0.000
   294:       22.000        2.000       34.620        1.000        0.000        0.000        0.000        0.000        1.000        0.000        1.000        0.000      233.800        0.000
   308:       23.000        1.000        3.850        0.000        2.000        0.000        0.000        0.000        1.000        0.000        0.000        0.000        0.000        0.000
   322:       24.000        2.000        0.000        1.000        1.000        0.000        0.000        0.000        0.000        0.000        0.000        1.000        0.000        0.000
   336:       25.000        1.000       37.960        3.000        2.000        0.000        0.000        0.000        1.000        0.000        1.000        0.000       48.300        0.000
   350:       26.000        1.000       10.470        3.000        3.000        0.000        0.000        0.000        1.000        0.000        0.000        0.000        0.000        0.000
   364:       27.000        1.000        0.000        3.000        0.000        0.000        0.000        0.000        0.000        0.000        0.000        1.000        0.000        0.000
   378:       28.000        1.000       31.040        0.000        3.000        1.000        0.000      128.450        1.000        0.000        0.000        0.000        0.000        0.000
   392:       29.000        2.000        0.000        2.000        0.000        0.000        0.000        0.000        0.000        0.000        1.000        0.000       75.920        0.000
   406:       30.000        2.000        0.000        1.000        0.000        0.000        0.000        0.000        0.000        0.000        2.000        0.000        1.740      558.740
   420:       31.000        1.000       56.640        1.000        4.000        0.000        0.000        0.000        1.000        0.000        0.000        0.000        0.000        0.000
   434:       32.000        2.000        0.000        3.000        0.000        2.000        0.000        0.000        0.000        0.000        0.000        1.000        0.000        0.000
   448:       33.000        1.000       32.000        2.000        2.000        0.000        0.000        0.000        1.000        0.000        0.000        0.000        0.000        0.000
   462:       34.000        2.000        0.000        1.000        0.000        0.000        4.000        0.000        0.000        0.000        1.000        0.000       68.440        7.450
   476:       35.000        2.000        0.000        0.000        0.000        0.000        0.000        0.000        0.000        0.000        1.000        0.000        9.000        0.000
   490:       36.000        1.000       62.230        1.000        5.000        0.000        0.000        0.000        1.000        0.000        0.000        0.000        0.000        0.000
   504:       37.000        1.000        9.790        2.000        2.000        0.000        0.000        0.000        1.000        0.000        0.000        0.000        0.000        0.000
   518:       38.000        2.000        0.000        1.000        5.000        0.000        2.000        0.000        0.000        0.000        1.000        0.000       55.240       75.620
   532:       39.000        2.000       38.660        1.000        0.000        0.000        0.000        0.000        1.000        0.000        1.000        0.000        6.320        0.000
   546:       40.000        2.000       14.160        0.000        0.000        0.000        0.000        0.000        0.000        1.000        1.000        0.000        8.620        0.000
   560:       41.000        2.000        0.000        0.000        0.000        0.000        0.000        0.000        0.000        0.000        0.000        1.000        0.000        0.000
   574:       42.000        2.000        0.000        0.000        0.000        0.000        0.000        0.000        0.000        0.000        2.000        0.000       30.860        0.000
   588:       43.000        1.000       66.730        1.000        2.000        0.000        0.000        0.000        1.000        0.000        0.000        0.000        0.000        0.000
   602:       47.000        1.000        0.000        0.000        2.000        0.000        0.000        0.000        0.000        0.000        1.000        0.000       38.880        0.000
   616:       48.000        1.000        0.000        0.000        0.000        0.000        0.000        0.000        0.000        0.000        2.000        0.000        3.500        0.000
   630:       51.000        1.000       60.770        0.000        1.000        0.000        0.000      365.650        1.000        0.000        0.000        0.000        0.000        0.000
K:
     0:        1.000        2.000
T:
     0:       60.780      365.660       16.530      193.970
