File: C:\MED-PC\Data\2017-11-26_17h39m_Subject 415.txt


Start Date: 11/26/17
End Date: 11/26/17
Subject: 415
Experiment: ACI JAX 11.26
Group: 0
Box: 4
Start Time: 17:39:57
End Time: 17:54:04
MSN: Discrimination Tone Training_v3
C:      25.000
D:      25.000
E:       0.000
F:       1.000
G:       2.000
H:       2.000
I:     700.000
J:       0.000
L:       0.000
M:      50.000
N:       1.000
O:       0.000
P:       0.000
Q:       0.000
R:       0.000
S:       0.000
U:       0.000
V:       0.000
W:       0.000
X:       0.000
Y:       0.000
Z:       0.000
A:
     0:     2000.000       75.000       15.000     9000.000       63.000       15.000       10.000        1.000
B:
     0:        1.000        2.000        7.260        0.000        0.000        0.000        0.000        0.000        1.000        0.000        0.000        0.000        0.000        0.000
    14:        2.000        2.000        4.760        0.000        0.000        0.000        0.000        0.000        1.000        0.000        0.000        0.000        0.000        0.000
    28:        3.000        1.000        2.410        0.000        3.000        0.000        0.000       30.450        1.000        0.000        0.000        0.000        0.000        0.000
    42:        4.000        2.000        0.000        2.000        0.000        0.000        0.000        0.000        0.000        0.000       10.000        0.000       50.480        0.000
    56:        5.000        2.000       28.290        0.000        0.000        0.000        0.000        0.000        1.000        0.000        0.000        0.000        0.000        0.000
    70:        6.000        2.000        0.000        0.000        0.000        0.000        0.000        0.000        0.000        0.000        0.000        1.000        0.000        0.000
    84:        7.000        1.000        0.000        0.000        0.000        0.000        0.000        0.000        0.000        0.000        3.000        0.000       42.160        0.000
    98:        8.000        2.000       53.760        0.000        0.000        0.000        0.000        0.000        1.000        0.000        0.000        0.000        0.000        0.000
   112:        9.000        1.000        0.000        0.000        0.000        0.000        0.000        0.000        0.000        0.000        1.000        0.000       13.870        0.000
   126:       10.000        2.000       29.920        0.000        0.000        0.000        0.000        0.000        1.000        0.000        0.000        0.000        0.000        0.000
   140:       11.000        2.000        0.000        0.000        0.000        0.000        0.000        0.000        0.000        0.000        0.000        1.000        0.000        0.000
   154:       12.000        1.000       26.180        0.000        2.000        0.000        0.000      144.400        1.000        0.000        0.000        0.000        0.000        0.000
   168:       13.000        2.000        0.820        0.000        0.000        0.000        0.000        0.000        1.000        0.000        0.000        0.000        0.000        0.000
   182:       14.000        1.000        4.320        0.000        0.000        0.000        0.000        0.000        1.000        0.000        2.000        0.000       64.290        0.000
   196:       15.000        1.000        1.880        0.000        3.000        0.000        0.000        0.000        1.000        0.000        0.000        0.000        0.000        0.000
   210:       16.000        2.000        0.230        0.000        1.000        0.000        0.000       45.390        1.000        0.000        0.000        0.000        0.000        0.000
   224:       17.000        2.000        3.330        0.000        0.000        0.000        0.000        0.000        1.000        0.000        0.000        0.000        0.000        0.000
   238:       18.000        1.000        0.580        0.000        3.000        0.000        0.000       12.800        1.000        0.000        0.000        0.000        0.000        0.000
   252:       19.000        1.000        0.330        0.000        3.000        0.000        0.000        0.960        1.000        0.000        0.000        0.000        0.000        0.000
   266:       20.000        2.000        0.000        0.000        0.000        0.000        0.000        0.000        0.000        0.000        2.000        0.000       63.670        0.000
   280:       21.000        1.000       32.080        1.000        1.000        0.000        0.000        0.000        1.000        0.000        0.000        0.000        0.000        0.000
   294:       22.000        1.000        5.360        0.000        3.000        0.000        0.000       17.570        1.000        0.000        0.000        0.000        0.000        0.000
   308:       23.000        1.000        0.620        0.000        3.000        0.000        0.000        0.990        1.000        0.000        0.000        0.000        0.000        0.000
   322:       24.000        2.000        3.780        0.000        0.000        0.000        0.000        0.000        1.000        0.000        0.000        0.000        0.000        0.000
   336:       25.000        2.000        4.840        0.000        0.000        0.000        0.000        0.000        1.000        0.000        1.000        0.000       60.620        0.000
   350:       26.000        1.000        3.200        0.000        2.000        0.000        0.000       31.170        1.000        0.000        2.000        0.000        0.730        0.000
   364:       27.000        1.000        0.420        0.000        1.000        0.000        0.000        1.060        1.000        0.000        0.000        0.000        0.000        0.000
   378:       28.000        1.000        0.760        0.000        1.000        0.000        0.000        0.940        1.000        0.000        0.000        0.000        0.000        0.000
   392:       29.000        2.000        7.840        0.000        1.000        0.000        0.000        6.790        1.000        0.000        1.000        0.000       28.000      421.940
   406:       30.000        1.000        0.120        0.000        1.000        0.000        0.000        1.050        1.000        0.000        0.000        0.000        0.000        0.000
   420:       31.000        1.000        2.330        0.000        2.000        0.000        0.000        1.060        1.000        0.000        1.000        0.000       12.420        2.120
   434:       32.000        2.000        9.920        1.000        1.000        0.000        0.000        0.000        1.000        0.000        5.000        0.000        0.320        0.000
   448:       33.000        1.000        0.100        0.000        2.000        0.000        0.000       12.260        1.000        0.000        0.000        0.000        0.000        0.000
   462:       34.000        1.000        0.880        0.000        2.000        0.000        0.000        0.910        1.000        0.000        0.000        0.000        0.000        0.000
   476:       35.000        1.000        1.500        0.000        1.000        0.000        0.000        0.850        1.000        0.000        0.000        0.000        0.000        0.000
   490:       36.000        2.000        0.000        1.000        0.000        0.000        1.000        0.000        0.000        0.000        9.000        0.000       37.420        0.000
   504:       37.000        2.000       31.180        0.000        0.000        0.000        0.000        0.000        1.000        0.000        2.000        0.000        0.230        0.000
   518:       38.000        1.000        0.670        0.000        1.000        0.000        0.000       12.840        1.000        0.000        0.000        0.000        0.000        0.000
   532:       39.000        2.000        5.730        0.000        0.000        0.000        0.000        0.000        1.000        0.000        4.000        0.000       12.100        0.000
   546:       40.000        1.000        1.120        0.000        4.000        0.000        0.000       13.360        1.000        0.000        0.000        0.000        0.000        0.000
   560:       41.000        2.000        6.950        0.000        0.000        0.000        0.000        0.000        1.000        0.000        5.000        0.000       12.330        0.000
   574:       42.000        2.000        9.400        0.000        0.000        0.000        0.000        0.000        1.000        0.000        4.000        0.000        0.550        0.000
   588:       43.000        2.000       12.400        0.000        0.000        0.000        0.000        0.000        1.000        0.000        8.000        0.000        0.420        0.000
   602:       44.000        1.000       14.160        0.000        0.000        0.000        0.000        0.000        1.000        0.000        3.000        0.000        7.930        0.000
   616:       45.000        2.000        9.150        0.000        0.000        0.000        0.000        0.000        1.000        0.000        9.000        0.000        0.530        0.000
   630:       46.000        2.000       11.150        0.000        0.000        0.000        0.000        0.000        1.000        0.000        6.000        0.000        2.060        0.000
   644:       47.000        2.000       11.470        0.000        0.000        0.000        0.000        0.000        1.000        0.000        2.000        0.000        0.200        0.000
   658:       48.000        1.000        3.450        1.000        5.000        0.000        0.000        0.000        1.000        0.000        0.000        0.000        0.000        0.000
   672:       49.000        1.000        1.040        0.000        1.000        0.000        0.000      161.750        1.000        0.000        0.000        0.000        0.000        0.000
   686:       50.000        1.000        1.420        0.000        3.000        0.000        0.000        1.040        1.000        0.000        0.000        0.000        0.000        0.000
K:
     0:        1.000        2.000
T:
     0:        1.430        1.050       37.990      328.890
