File: C:\MED-PC\Data\2017-11-12_15h54m_Subject 415.txt


Start Date: 11/12/17
End Date: 11/12/17
Subject: 415
Experiment: ACI JAX 11.12
Group: 0
Box: 4
Start Time: 15:54:45
End Time: 16:15:05
MSN: Discrimination Tone Training_v3
C:      22.000
D:      25.000
E:       0.000
F:       1.000
G:       2.000
H:       2.000
I:     658.000
J:       0.000
L:       0.000
M:      52.000
N:       1.000
O:       0.000
P:       0.000
Q:       0.000
R:       0.000
S:       0.000
U:       0.000
V:       0.000
W:       0.000
X:       0.000
Y:       0.000
Z:       0.000
A:
     0:     2000.000       75.000       30.000     9000.000       63.000       30.000       10.000        1.000
B:
     0:        1.000        1.000        0.000        0.000        0.000        0.000        0.000        0.000        0.000        0.000        0.000        1.000        0.000        0.000
    14:        2.000        2.000       61.010        0.000        0.000        0.000        0.000        0.000        1.000        0.000        0.000        0.000        0.000        0.000
    28:        3.000        2.000        6.610        0.000        0.000        0.000        0.000        0.000        1.000        0.000        0.000        0.000        0.000        0.000
    42:        4.000        2.000       14.410        0.000        0.000        0.000        0.000        0.000        1.000        0.000        0.000        0.000        0.000        0.000
    56:        5.000        2.000       23.730        0.000        0.000        0.000        0.000        0.000        1.000        0.000        3.000        0.000      115.660        0.000
    70:        6.000        2.000        5.060        0.000        0.000        0.000        0.000        0.000        1.000        0.000        2.000        0.000        0.960        0.000
    84:        7.000        1.000        4.690        0.000        3.000        0.000        0.000      111.050        1.000        0.000        0.000        0.000        0.000        0.000
    98:        8.000        1.000        0.510        0.000        1.000        0.000        0.000        6.250        1.000        0.000        0.000        0.000        0.000        0.000
   112:        9.000        1.000        5.950        0.000        3.000        0.000        0.000        1.290        1.000        0.000        0.000        0.000        0.000        0.000
   126:       10.000        1.000        0.950        0.000        2.000        0.000        0.000        1.140        1.000        0.000        0.000        0.000        0.000        0.000
   140:       11.000        1.000       16.600        0.000        1.000        0.000        0.000        0.980        1.000        0.000        1.000        0.000       57.310      124.110
   154:       12.000        2.000       14.960        0.000        0.000        0.000        0.000        0.000        1.000        0.000        9.000        0.000        0.460        0.000
   168:       13.000        1.000        2.330        0.000        3.000        0.000        0.000       14.530        1.000        0.000        0.000        0.000        0.000        0.000
   182:       14.000        2.000        6.360        0.000        0.000        0.000        0.000        0.000        1.000        0.000        3.000        0.000       13.600        0.000
   196:       15.000        2.000        1.510        0.000        1.000        0.000        0.000       18.010        1.000        0.000        0.000        0.000        0.000        0.000
   210:       16.000        2.000       28.030        0.000        0.000        0.000        0.000        0.000        1.000        0.000        4.000        0.000       13.370        0.000
   224:       17.000        2.000        5.230        1.000        1.000        0.000        0.000        0.000        1.000        0.000        0.000        0.000        0.000        0.000
   238:       18.000        2.000       10.880        0.000        0.000        0.000        0.000        0.000        1.000        0.000        8.000        0.000       16.270        0.000
   252:       19.000        1.000        2.390        3.000        4.000        0.000        0.000        0.000        1.000        0.000        0.000        0.000        0.000        0.000
   266:       20.000        2.000        6.050        0.000        0.000        0.000        0.000        0.000        1.000        0.000        1.000        0.000       17.770        0.000
   280:       21.000        1.000        0.290        0.000        1.000        0.000        0.000       81.200        1.000        0.000        0.000        0.000        0.000        0.000
   294:       22.000        1.000        0.970        0.000        3.000        0.000        0.000        1.120        1.000        0.000        0.000        0.000        0.000        0.000
   308:       23.000        2.000        6.620        0.000        0.000        0.000        0.000        0.000        1.000        0.000        3.000        0.000       24.450        0.000
   322:       24.000        2.000        8.960        1.000        0.000        0.000        0.000        0.000        1.000        0.000        2.000        0.000        4.240        0.000
   336:       25.000        1.000        2.140        0.000        3.000        0.000        0.000       34.110        1.000        0.000        0.000        0.000        0.000        0.000
   350:       26.000        1.000        2.460        0.000        2.000        0.000        0.000        0.920        1.000        0.000        0.000        0.000        0.000        0.000
   364:       27.000        2.000        7.640        1.000        0.000        0.000        0.000        0.000        1.000        0.000        2.000        0.000       28.580        0.000
   378:       28.000        2.000        8.490        0.000        0.000        0.000        0.000        0.000        1.000        0.000        1.000        0.000        1.390        0.000
   392:       29.000        2.000       29.310        1.000        0.000        0.000        0.000        0.000        0.000        1.000       11.000        0.000        0.130        0.000
   406:       30.000        1.000        1.690        0.000        3.000        0.000        0.000       73.550        1.000        0.000        0.000        0.000        0.000        0.000
   420:       31.000        2.000       12.260        0.000        0.000        0.000        0.000        0.000        1.000        0.000        4.000        0.000       14.340        0.000
   434:       32.000        2.000       24.690        0.000        0.000        0.000        0.000        0.000        1.000        0.000        7.000        0.000        0.500        0.000
   448:       33.000        2.000        0.000        2.000        0.000        0.000        1.000        0.000        0.000        0.000        7.000        0.000        1.810        0.000
   462:       34.000        1.000       41.150        0.000        2.000        0.000        0.000       89.030        1.000        0.000        0.000        0.000        0.000        0.000
   476:       35.000        1.000        5.560        0.000        2.000        0.000        0.000        0.930        1.000        0.000        1.000        0.000       11.660      473.100
   490:       36.000        2.000        7.260        0.000        0.000        0.000        0.000        0.000        1.000        0.000        5.000        0.000        0.800        0.000
   504:       37.000        1.000        0.400        0.000        2.000        0.000        0.000       12.850        1.000        0.000        0.000        0.000        0.000        0.000
   518:       38.000        1.000        0.590        0.000        2.000        0.000        0.000        1.070        1.000        0.000        0.000        0.000        0.000        0.000
   532:       39.000        2.000       16.820        4.000        0.000        0.000        0.000        0.000        1.000        0.000        5.000        0.000       30.900        0.000
   546:       40.000        2.000        0.000        0.000        0.000        0.000        0.000        0.000        0.000        0.000       18.000        0.000        0.170        0.000
   560:       41.000        1.000       46.250        0.000        3.000        0.000        0.000       58.150        1.000        0.000        0.000        0.000        0.000        0.000
   574:       42.000        1.000       10.720        1.000        1.000        0.000        0.000        0.000        1.000        0.000        0.000        0.000        0.000        0.000
   588:       43.000        2.000        0.350        0.000        0.000        0.000        0.000        0.000        1.000        0.000        0.000        0.000        0.000        0.000
   602:       44.000        2.000       10.370        2.000        0.000        0.000        0.000        0.000        1.000        0.000        3.000        0.000       49.310        0.000
   616:       47.000        1.000       18.210        0.000        2.000        0.000        0.000       65.160        1.000        0.000        0.000        0.000        0.000        0.000
   630:       49.000        1.000        2.430        0.000        0.000        0.000        0.000        0.000        1.000        0.000        0.000        0.000        0.000        0.000
   644:       52.000        1.000        2.320        0.000        3.000        0.000        0.000       16.820        1.000        0.000        1.000        0.000       46.840      231.690
K:
     0:        1.000        2.000
T:
     0:        2.330       16.830       46.850      231.700
