File: C:\MED-PC\Data\2017-11-26_17h39m_Subject 414.txt


Start Date: 11/26/17
End Date: 11/26/17
Subject: 414
Experiment: ACI JAX 11.26
Group: 0
Box: 3
Start Time: 17:39:46
End Time: 17:55:31
MSN: Discrimination Tone Training_v3
C:      23.000
D:      25.000
E:       0.000
F:       1.000
G:       2.000
H:       2.000
I:     672.000
J:       0.000
L:       0.000
M:      51.000
N:       1.000
O:       0.000
P:       0.000
Q:       0.000
R:       0.000
S:       0.000
U:       0.000
V:       0.000
W:       0.000
X:       0.000
Y:       0.000
Z:       0.000
A:
     0:     2000.000       75.000       15.000     9000.000       63.000       15.000       10.000        1.000
B:
     0:        1.000        2.000       11.630        0.000        0.000        0.000        0.000        0.000        1.000        0.000        0.000        0.000        0.000        0.000
    14:        2.000        1.000        7.050        0.000        5.000        0.000        0.000       19.100        1.000        0.000        0.000        0.000        0.000        0.000
    28:        3.000        1.000        7.500        0.000        2.000        0.000        0.000        0.740        1.000        0.000        0.000        0.000        0.000        0.000
    42:        4.000        2.000        0.000        0.000        2.000        0.000        0.000        0.000        0.000        0.000        2.000        0.000       66.320        0.000
    56:        5.000        1.000       29.520        0.000        1.000        0.000        0.000        1.070        1.000        0.000        0.000        0.000        0.000        0.000
    70:        6.000        2.000       12.270        0.000        5.000        0.000        0.000        2.770        1.000        0.000        0.000        0.000        0.000        0.000
    84:        7.000        2.000        3.610        0.000        0.000        0.000        0.000        0.000        1.000        0.000        0.000        0.000        0.000        0.000
    98:        8.000        1.000        2.180        0.000        4.000        0.000        0.000       14.210        1.000        0.000        0.000        0.000        0.000        0.000
   112:        9.000        1.000        3.310        0.000        3.000        0.000        0.000        0.870        1.000        0.000        0.000        0.000        0.000        0.000
   126:       10.000        2.000        5.380        0.000        0.000        0.000        0.000        0.000        1.000        0.000        0.000        0.000        0.000        0.000
   140:       11.000        1.000        0.000        0.000        0.000        0.000        0.000        0.000        0.000        0.000        2.000        0.000      101.690        0.000
   154:       12.000        2.000       37.490        1.000        0.000        0.000        0.000        0.000        1.000        0.000        1.000        0.000        8.340        0.000
   168:       13.000        2.000        8.390        0.000        0.000        0.000        0.000        0.000        1.000        0.000        0.000        0.000        0.000        0.000
   182:       14.000        2.000        4.850        0.000        0.000        0.000        0.000        0.000        1.000        0.000        1.000        0.000       19.440        0.000
   196:       15.000        2.000        7.340        0.000        0.000        0.000        0.000        0.000        1.000        0.000        0.000        0.000        0.000        0.000
   210:       16.000        2.000        7.450        0.000        0.000        0.000        0.000        0.000        1.000        0.000        2.000        0.000       18.510        0.000
   224:       17.000        1.000        9.930        0.000        2.000        0.000        0.000      142.760        1.000        0.000        0.000        0.000        0.000        0.000
   238:       18.000        2.000       12.110        0.000        0.000        0.000        0.000        0.000        1.000        0.000        1.000        0.000       28.310        0.000
   252:       19.000        1.000        2.650        0.000        5.000        0.000        0.000       14.420        1.000        0.000        0.000        0.000        0.000        0.000
   266:       20.000        1.000        0.000        1.000        0.000        1.000        0.000        0.000        0.000        0.000        0.000        1.000        0.000        0.000
   280:       21.000        2.000       30.290        0.000        0.000        0.000        0.000        0.000        1.000        0.000        0.000        0.000        0.000        0.000
   294:       22.000        1.000        2.060        0.000        4.000        0.000        0.000       13.950        1.000        0.000        0.000        0.000        0.000        0.000
   308:       23.000        2.000        6.700        1.000        1.000        0.000        0.000        0.000        1.000        0.000        0.000        0.000        0.000        0.000
   322:       24.000        2.000        0.000        1.000        0.000        0.000        0.000        0.000        0.000        0.000        2.000        0.000       85.910      373.070
   336:       25.000        1.000       27.290        0.000        6.000        0.000        0.000       39.230        1.000        0.000        0.000        0.000        0.000        0.000
   350:       26.000        2.000       11.830        0.000        2.000        0.000        0.000        0.000        1.000        0.000        0.000        0.000        0.000        0.000
   364:       27.000        1.000        0.750        0.000        2.000        0.000        0.000       12.950        1.000        0.000        0.000        0.000        0.000        0.000
   378:       28.000        2.000        6.190        1.000        0.000        0.000        0.000        0.000        1.000        0.000        0.000        0.000        0.000        0.000
   392:       29.000        2.000        5.690        0.000        0.000        0.000        0.000        0.000        1.000        0.000        0.000        0.000        0.000        0.000
   406:       30.000        2.000       12.610        0.000        0.000        0.000        0.000        0.000        1.000        0.000        0.000        0.000        0.000        0.000
   420:       31.000        2.000        9.880        0.000        3.000        0.000        0.000       68.020        1.000        0.000        1.000        0.000      111.000       10.040
   434:       32.000        1.000        4.520        0.000        6.000        0.000        0.000        0.780        1.000        0.000        0.000        0.000        0.000        0.000
   448:       33.000        2.000        0.000        0.000        0.000        0.000        0.000        0.000        0.000        0.000        0.000        1.000        0.000        0.000
   462:       34.000        1.000       31.790        0.000        4.000        0.000        0.000        0.730        1.000        0.000        0.000        0.000        0.000        0.000
   476:       35.000        2.000        0.000        1.000        0.000        0.000        0.000        0.000        0.000        0.000        0.000        1.000        0.000        0.000
   490:       36.000        1.000        0.000        0.000        0.000        1.000        0.000        0.000        0.000        0.000        0.000        1.000        0.000        0.000
   504:       37.000        1.000       54.290        0.000        5.000        0.000        0.000        0.830        1.000        0.000        0.000        0.000        0.000        0.000
   518:       38.000        2.000        3.220        0.000        1.000        0.000        0.000        0.000        1.000        0.000        0.000        0.000        0.000        0.000
   532:       39.000        2.000       13.340        0.000        0.000        0.000        0.000        0.000        1.000        0.000        0.000        0.000        0.000        0.000
   546:       40.000        1.000       10.140        0.000        0.000        0.000        0.000        0.000        1.000        0.000        0.000        0.000        0.000        0.000
   560:       41.000        1.000        2.910        0.000        7.000        0.000        0.000       60.390        1.000        0.000        0.000        0.000        0.000        0.000
   574:       42.000        2.000        3.300        0.000        0.000        0.000        0.000        0.000        1.000        0.000        0.000        0.000        0.000        0.000
   588:       43.000        1.000        2.940        0.000        2.000        0.000        0.000       15.170        1.000        0.000        0.000        0.000        0.000        0.000
   602:       44.000        1.000        0.000        6.000        0.000        0.000        0.000        0.000        0.000        0.000        0.000        1.000        0.000        0.000
   616:       45.000        2.000       32.030        0.000        3.000        0.000        0.000        4.480        1.000        0.000        0.000        0.000        0.000        0.000
   630:       47.000        1.000        0.000        0.000        0.000        0.000        0.000        0.000        0.000        0.000        0.000        1.000        0.000        0.000
   644:       48.000        1.000       30.230        0.000        6.000        0.000        0.000        0.900        1.000        0.000        0.000        0.000        0.000        0.000
   658:       51.000        1.000       10.270        0.000        6.000        0.000        0.000        0.910        1.000        0.000        0.000        0.000        0.000        0.000
K:
     0:        1.000        2.000
T:
     0:       10.280        0.920      333.330       10.050
