File: C:\MED-PC\Data\2017-11-21_10h50m_Subject 423.txt


Start Date: 11/21/17
End Date: 11/21/17
Subject: 423
Experiment: ACI JAX 11.21
Group: 0
Box: 4
Start Time: 10:50:33
End Time: 11:08:31
MSN: Discrimination Tone Training_v3
C:      25.000
D:      25.000
E:       0.000
F:       1.000
G:       2.000
H:       4.000
I:     700.000
J:       0.000
L:       0.000
M:      54.000
N:       1.000
O:       0.000
P:       0.000
Q:       0.000
R:       0.000
S:       0.000
U:       0.000
V:       0.000
W:       0.000
X:       0.000
Y:       0.000
Z:       0.000
A:
     0:     2000.000       75.000       15.000     9000.000       63.000       15.000       10.000        1.000
B:
     0:        1.000        1.000        0.000        0.000        0.000        0.000        0.000        0.000        0.000        0.000        1.000        0.000        1.260        0.000
    14:        2.000        2.000        0.000        0.000        0.000        0.000        0.000        0.000        0.000        0.000        0.000        1.000        0.000        0.000
    28:        3.000        1.000        0.000        0.000        0.000        0.000        0.000        0.000        0.000        0.000        1.000        0.000       39.890        0.000
    42:        4.000        1.000        0.000        0.000        0.000        0.000        0.000        0.000        0.000        0.000        1.000        0.000       13.370        0.000
    56:        5.000        2.000      107.820        0.000        0.000        0.000        0.000        0.000        1.000        0.000        0.000        0.000        0.000        0.000
    70:        6.000        1.000        0.000        0.000        0.000        0.000        0.000        0.000        0.000        0.000        2.000        0.000       14.460        0.000
    84:        7.000        2.000       26.430        0.000        0.000        0.000        0.000        0.000        1.000        0.000        0.000        0.000        0.000        0.000
    98:        8.000        2.000        5.920        1.000        4.000        0.000        0.000        0.000        1.000        0.000        0.000        0.000        0.000        0.000
   112:        9.000        2.000        8.800        0.000        0.000        0.000        0.000        0.000        1.000        0.000        0.000        0.000        0.000        0.000
   126:       10.000        2.000        0.670        0.000        2.000        0.000        0.000       92.510        1.000        0.000        0.000        0.000        0.000        0.000
   140:       11.000        2.000        8.430        0.000        0.000        0.000        0.000        0.000        1.000        0.000        1.000        0.000       61.160        0.000
   154:       12.000        1.000        0.000        0.000        0.000        0.000        0.000        0.000        0.000        0.000        0.000        1.000        0.000        0.000
   168:       13.000        2.000       35.990        0.000        0.000        0.000        0.000        0.000        1.000        0.000        1.000        0.000       30.270        0.000
   182:       14.000        1.000       10.100        1.000        0.000        0.000        0.000        0.000        1.000        0.000        0.000        0.000        0.000        0.000
   196:       15.000        1.000        0.000        0.000        0.000        0.000        0.000        0.000        0.000        0.000        0.000        1.000        0.000        0.000
   210:       16.000        2.000       27.240        0.000        0.000        0.000        0.000        0.000        1.000        0.000        0.000        0.000        0.000        0.000
   224:       17.000        1.000        0.790        0.000        1.000        0.000        0.000      119.380        1.000        0.000        0.000        0.000        0.000        0.000
   238:       18.000        1.000       14.220        0.000        1.000        0.000        0.000        1.050        1.000        0.000        0.000        0.000        0.000        0.000
   252:       19.000        1.000        0.000        0.000        0.000        0.000        0.000        0.000        0.000        0.000        0.000        1.000        0.000        0.000
   266:       20.000        2.000       40.700        0.000        0.000        0.000        0.000        0.000        0.000        1.000        2.000        0.000      126.440        0.000
   280:       21.000        2.000        2.170        0.000        0.000        0.000        0.000        0.000        1.000        0.000        0.000        0.000        0.000        0.000
   294:       22.000        1.000        4.720        0.000        1.000        0.000        0.000       30.340        1.000        0.000        0.000        0.000        0.000        0.000
   308:       23.000        2.000        0.000        0.000        0.000        0.000        0.000        0.000        0.000        0.000        0.000        1.000        0.000        0.000
   322:       24.000        1.000       34.870        0.000        2.000        0.000        0.000        0.730        1.000        0.000        1.000        0.000       57.620      482.760
   336:       25.000        1.000        9.380        0.000        1.000        0.000        0.000        1.490        1.000        0.000        0.000        0.000        0.000        0.000
   350:       26.000        1.000        9.130        0.000        1.000        0.000        0.000        1.150        1.000        0.000        0.000        0.000        0.000        0.000
   364:       27.000        1.000        0.000        0.000        0.000        0.000        0.000        0.000        0.000        0.000        1.000        0.000       48.120        0.000
   378:       28.000        2.000       29.410        0.000        0.000        0.000        0.000        0.000        1.000        0.000        0.000        0.000        0.000        0.000
   392:       29.000        2.000       14.750        0.000        0.000        0.000        0.000        0.000        0.000        1.000        0.000        0.000        0.000        0.000
   406:       30.000        2.000       12.540        0.000        0.000        0.000        0.000        0.000        1.000        0.000        0.000        0.000        0.000        0.000
   420:       31.000        1.000        0.000        0.000        0.000        0.000        0.000        0.000        0.000        0.000        0.000        1.000        0.000        0.000
   434:       32.000        2.000       32.530        0.000        0.000        0.000        0.000        0.000        1.000        0.000        1.000        0.000       90.860        0.000
   448:       33.000        2.000       14.180        0.000        1.000        0.000        0.000        0.000        0.000        1.000        0.000        0.000        0.000        0.000
   462:       34.000        1.000        1.900        0.000        1.000        0.000        0.000      131.970        1.000        0.000        0.000        0.000        0.000        0.000
   476:       35.000        2.000       11.000        0.000        0.000        0.000        0.000        0.000        1.000        0.000        0.000        0.000        0.000        0.000
   490:       36.000        1.000        1.390        0.000        2.000        0.000        0.000       13.140        1.000        0.000        0.000        0.000        0.000        0.000
   504:       37.000        1.000        4.860        0.000        0.000        0.000        0.000        0.000        1.000        0.000        0.000        0.000        0.000        0.000
   518:       38.000        2.000        3.730        0.000        0.000        0.000        0.000        0.000        1.000        0.000        0.000        0.000        0.000        0.000
   532:       39.000        2.000        0.710        0.000        0.000        0.000        0.000        0.000        1.000        0.000        0.000        0.000        0.000        0.000
   546:       40.000        2.000        3.310        0.000        0.000        0.000        0.000        0.000        1.000        0.000        0.000        0.000        0.000        0.000
   560:       41.000        2.000       10.430        0.000        0.000        0.000        0.000        0.000        1.000        0.000        2.000        0.000      133.510        0.000
   574:       42.000        1.000        1.700        0.000        2.000        0.000        0.000       76.130        1.000        0.000        0.000        0.000        0.000        0.000
   588:       43.000        1.000        6.370        0.000        1.000        0.000        0.000        1.460        1.000        0.000        0.000        0.000        0.000        0.000
   602:       44.000        1.000        5.180        2.000        1.000        0.000        0.000        0.000        1.000        0.000        0.000        0.000        0.000        0.000
   616:       45.000        1.000       10.330        1.000        1.000        0.000        0.000        0.000        1.000        0.000        0.000        0.000        0.000        0.000
   630:       46.000        2.000        7.960        0.000        0.000        0.000        0.000        0.000        1.000        0.000        0.000        0.000        0.000        0.000
   644:       47.000        2.000        5.230        0.000        0.000        0.000        0.000        0.000        1.000        0.000        0.000        0.000        0.000        0.000
   658:       48.000        2.000        9.860        1.000        0.000        0.000        0.000        0.000        1.000        0.000        1.000        0.000      108.230        0.000
   672:       49.000        1.000        1.250        0.000        1.000        0.000        0.000       90.700        1.000        0.000        0.000        0.000        0.000        0.000
   686:       54.000        1.000        0.000        2.000        0.000        0.000        0.000        0.000        0.000        0.000        1.000        0.000       30.820        0.000
K:
     0:        1.000        2.000
T:
     0:       25.120       90.710       30.830      441.810
