File: C:\MED-PC\Data\2017-11-15_11h13m_Subject 172.txt


Start Date: 11/15/17
End Date: 11/15/17
Subject: 172
Experiment: ACI JAX 11.15
Group: 0
Box: 3
Start Time: 11:13:30
End Time: 11:32:12
MSN: Discrimination Tone Training_v3
C:      21.000
D:      25.000
E:       0.000
F:       1.000
G:       2.000
H:       2.000
I:     644.000
J:       0.000
L:       0.000
M:      50.000
N:       1.000
O:       0.000
P:       0.000
Q:       0.000
R:       0.000
S:       0.000
U:       0.000
V:       0.000
W:       0.000
X:       0.000
Y:       0.000
Z:       0.000
A:
     0:     2000.000       75.000       30.000     9000.000       63.000       30.000       10.000        1.000
B:
     0:        1.000        2.000        9.260        0.000        0.000        0.000        0.000        0.000        1.000        0.000        0.000        0.000        0.000        0.000
    14:        2.000        2.000        5.420        0.000        0.000        0.000        0.000        0.000        1.000        0.000        0.000        0.000        0.000        0.000
    28:        3.000        2.000        0.740        0.000        0.000        0.000        0.000        0.000        1.000        0.000        0.000        0.000        0.000        0.000
    42:        4.000        1.000       10.920        3.000        4.000        0.000        0.000        0.000        1.000        0.000        0.000        0.000        0.000        0.000
    56:        5.000        2.000       12.440        2.000        2.000        0.000        0.000        0.000        1.000        0.000        0.000        0.000        0.000        0.000
    70:        6.000        2.000        7.130        0.000        0.000        0.000        0.000        0.000        1.000        0.000        0.000        0.000        0.000        0.000
    84:        7.000        2.000        4.250        0.000        0.000        0.000        0.000        0.000        1.000        0.000        1.000        0.000      113.050        0.000
    98:        8.000        2.000        6.910        0.000        0.000        0.000        0.000        0.000        1.000        0.000        0.000        0.000        0.000        0.000
   112:        9.000        2.000        8.580        3.000        1.000        0.000        0.000        0.000        1.000        0.000        0.000        0.000        0.000        0.000
   126:       10.000        1.000        0.360        0.000        2.000        0.000        0.000      162.430        1.000        0.000        0.000        0.000        0.000        0.000
   140:       11.000        2.000       29.930        2.000        0.000        0.000        0.000        0.000        0.000        1.000        3.000        0.000       58.150        0.000
   154:       12.000        2.000       22.940        0.000        0.000        0.000        0.000        0.000        1.000        0.000        0.000        0.000        0.000        0.000
   168:       13.000        1.000        5.670        0.000        1.000        0.000        0.000       51.760        1.000        0.000        0.000        0.000        0.000        0.000
   182:       14.000        1.000       12.140        1.000        0.000        0.000        0.000        0.000        1.000        0.000        0.000        0.000        0.000        0.000
   196:       15.000        2.000        8.460        0.000        0.000        0.000        0.000        0.000        1.000        0.000        0.000        0.000        0.000        0.000
   210:       16.000        2.000        0.120        0.000        0.000        0.000        0.000        0.000        1.000        0.000        0.000        0.000        0.000        0.000
   224:       17.000        2.000        8.790        0.000        0.000        0.000        0.000        0.000        1.000        0.000        1.000        0.000      110.190        0.000
   238:       18.000        1.000        6.270        1.000        0.000        0.000        0.000        0.000        1.000        0.000        0.000        0.000        0.000        0.000
   252:       19.000        1.000        8.890        3.000        1.000        0.000        0.000        0.000        1.000        0.000        0.000        0.000        0.000        0.000
   266:       20.000        2.000        9.950        0.000        0.000        0.000        0.000        0.000        1.000        0.000        1.000        0.000       39.500        0.000
   280:       21.000        1.000       19.800        0.000        0.000        0.000        0.000        0.000        1.000        0.000        0.000        0.000        0.000        0.000
   294:       22.000        1.000       23.500        0.000        3.000        0.000        0.000      175.250        1.000        0.000        2.000        0.000       36.570        0.000
   308:       23.000        2.000        0.000       10.000        1.000        0.000        0.000        0.000        0.000        0.000        0.000        1.000        0.000        0.000
   322:       24.000        2.000       65.240        0.000        0.000        0.000        0.000        0.000        1.000        0.000        0.000        0.000        0.000        0.000
   336:       25.000        1.000        6.560        0.000        2.000        0.000        0.000       18.790        1.000        0.000        1.000        0.000       78.510      436.110
   350:       26.000        1.000        9.810        0.000        3.000        0.000        0.000        0.950        1.000        0.000        0.000        0.000        0.000        0.000
   364:       27.000        2.000        7.390        1.000        0.000        0.000        0.000        0.000        1.000        0.000        0.000        0.000        0.000        0.000
   378:       28.000        1.000       15.510        0.000        0.000        0.000        0.000        0.000        1.000        0.000        2.000        0.000       47.850        0.000
   392:       29.000        1.000        1.790        0.000        1.000        0.000        0.000       47.320        1.000        0.000        0.000        0.000        0.000        0.000
   406:       30.000        2.000       18.280        3.000        0.000        0.000        0.000        0.000        1.000        0.000        0.000        0.000        0.000        0.000
   420:       31.000        2.000       14.940        0.000        0.000        0.000        0.000        0.000        1.000        0.000        0.000        0.000        0.000        0.000
   434:       32.000        2.000        4.710        0.000        0.000        0.000        0.000        0.000        1.000        0.000        0.000        0.000        0.000        0.000
   448:       33.000        2.000       28.030        0.000        0.000        0.000        0.000        0.000        1.000        0.000        0.000        0.000        0.000        0.000
   462:       34.000        2.000        7.930        0.000        0.000        0.000        0.000        0.000        1.000        0.000        0.000        0.000        0.000        0.000
   476:       35.000        1.000       27.090        0.000        0.000        0.000        0.000        0.000        1.000        0.000        0.000        0.000        0.000        0.000
   490:       36.000        1.000       11.390        3.000        3.000        0.000        0.000        0.000        1.000        0.000        0.000        0.000        0.000        0.000
   504:       37.000        1.000       23.110        6.000        2.000        0.000        0.000        0.000        1.000        0.000        0.000        0.000        0.000        0.000
   518:       38.000        1.000        9.990        2.000        4.000        0.000        0.000        0.000        1.000        0.000        0.000        0.000        0.000        0.000
   532:       39.000        2.000       18.430        0.000        0.000        0.000        0.000        0.000        1.000        0.000        2.000        0.000      259.870        0.000
   546:       40.000        1.000       10.120        1.000        6.000        0.000        0.000        0.000        1.000        0.000        0.000        0.000        0.000        0.000
   560:       41.000        1.000        3.630        0.000        6.000        0.000        0.000        0.000        1.000        0.000        0.000        0.000        0.000        0.000
   574:       42.000        2.000       26.440        2.000        1.000        0.000        0.000        0.000        1.000        0.000        2.000        0.000       49.710        0.000
   588:       43.000        2.000       29.890        1.000        0.000        0.000        0.000        0.000        0.000        1.000        1.000        0.000       24.720        0.000
   602:       45.000        1.000        0.000        0.000        0.000        0.000        0.000        0.000        0.000        0.000        0.000        1.000        0.000        0.000
   616:       49.000        1.000       51.020        0.000        3.000        0.000        0.000      423.190        1.000        0.000        0.000        0.000        0.000        0.000
   630:       50.000        1.000        8.440        1.000        4.000        0.000        0.000        0.000        1.000        0.000        0.000        0.000        0.000        0.000
K:
     0:        1.000        2.000
T:
     0:        8.450       10.010       80.510      500.670
