File: C:\MED-PC\Data\2017-11-16_11h09m_Subject 414.txt


Start Date: 11/16/17
End Date: 11/16/17
Subject: 414
Experiment: ACI JAX 11.16
Group: 0
Box: 4
Start Time: 11:09:30
End Time: 11:32:55
MSN: Discrimination Tone Training_v3
C:      22.000
D:      25.000
E:       0.000
F:       1.000
G:       2.000
H:       2.000
I:     658.000
J:       0.000
L:       0.000
M:      50.000
N:       1.000
O:       0.000
P:       0.000
Q:       0.000
R:       0.000
S:       0.000
U:       0.000
V:       0.000
W:       0.000
X:       0.000
Y:       0.000
Z:       0.000
A:
     0:     2000.000       75.000       30.000     9000.000       63.000       30.000       10.000        1.000
B:
     0:        1.000        1.000        0.000        1.000        0.000        1.000        0.000        0.000        0.000        0.000        0.000        1.000        0.000        0.000
    14:        2.000        1.000        0.000        6.000        0.000        0.000        0.000        0.000        0.000        0.000        0.000        1.000        0.000        0.000
    28:        3.000        2.000      109.610        1.000        0.000        0.000        0.000        0.000        1.000        0.000        0.000        0.000        0.000        0.000
    42:        4.000        1.000       16.120        0.000        1.000        0.000        0.000       34.820        1.000        0.000        0.000        0.000        0.000        0.000
    56:        5.000        2.000       15.280        0.000        0.000        0.000        0.000        0.000        1.000        0.000        1.000        0.000      149.000        0.000
    70:        6.000        1.000        4.710        5.000        3.000        0.000        0.000        0.000        1.000        0.000        0.000        0.000        0.000        0.000
    84:        7.000        2.000        0.000        0.000        2.000        0.000        3.000        0.000        0.000        0.000        6.000        0.000       18.160        0.000
    98:        8.000        2.000       49.950        3.000        0.000        0.000        0.000        0.000        1.000        0.000        0.000        0.000        0.000        0.000
   112:        9.000        1.000        0.830        0.000        1.000        0.000        0.000        0.000        1.000        0.000        0.000        0.000        0.000        0.000
   126:       10.000        2.000        0.000        0.000        0.000        0.000        0.000        0.000        0.000        0.000        7.000        0.000       33.120        0.000
   140:       11.000        1.000       46.520        1.000        1.000        0.000        0.000        0.000        1.000        0.000        0.000        0.000        0.000        0.000
   154:       12.000        2.000       22.530        0.000        0.000        0.000        0.000        0.000        1.000        0.000        8.000        0.000       16.470        0.000
   168:       13.000        2.000       16.180        0.000        0.000        0.000        0.000        0.000        1.000        0.000        8.000        0.000        0.910        0.000
   182:       14.000        2.000       23.180        0.000        0.000        0.000        0.000        0.000        1.000        0.000        0.000        0.000        0.000        0.000
   196:       15.000        2.000        3.310        0.000        0.000        0.000        0.000        0.000        1.000        0.000        0.000        0.000        0.000        0.000
   210:       16.000        2.000       16.890        0.000        0.000        0.000        0.000        0.000        1.000        0.000        5.000        0.000       48.660        0.000
   224:       17.000        2.000       27.420        0.000        0.000        0.000        0.000        0.000        1.000        0.000        9.000        0.000        2.920        0.000
   238:       18.000        2.000       14.830        0.000        0.000        0.000        0.000        0.000        1.000        0.000        0.000        0.000        0.000        0.000
   252:       19.000        2.000       22.890        0.000        0.000        0.000        0.000        0.000        1.000        0.000        1.000        0.000       28.740        0.000
   266:       20.000        2.000        0.000        0.000        0.000        0.000        0.000        0.000        0.000        0.000       11.000        0.000        0.360        0.000
   280:       21.000        1.000       43.290        0.000        2.000        0.000        0.000      437.030        1.000        0.000        0.000        0.000        0.000        0.000
   294:       22.000        2.000       19.360        1.000        0.000        0.000        0.000        0.000        1.000        0.000        1.000        0.000       23.570      475.460
   308:       23.000        2.000       11.120        0.000        0.000        0.000        0.000        0.000        1.000        0.000        1.000        0.000        1.070        0.000
   322:       24.000        2.000       10.070        0.000        0.000        0.000        0.000        0.000        1.000        0.000        0.000        0.000        0.000        0.000
   336:       25.000        2.000       18.240        0.000        0.000        0.000        0.000        0.000        1.000        0.000        2.000        0.000       23.000        0.000
   350:       26.000        1.000        2.050        0.000        1.000        0.000        0.000       86.740        1.000        0.000        0.000        0.000        0.000        0.000
   364:       27.000        1.000        4.720        1.000        3.000        0.000        0.000        0.000        1.000        0.000        0.000        0.000        0.000        0.000
   378:       28.000        2.000        0.000        2.000        0.000        0.000        0.000        0.000        0.000        0.000        3.000        0.000       29.800        0.000
   392:       29.000        1.000       44.980        0.000        1.000        0.000        0.000       57.090        1.000        0.000        0.000        0.000        0.000        0.000
   406:       30.000        1.000        4.930        0.000        1.000        0.000        0.000        0.780        1.000        0.000        0.000        0.000        0.000        0.000
   420:       31.000        1.000        3.550        0.000        2.000        0.000        0.000        0.780        1.000        0.000        0.000        0.000        0.000        0.000
   434:       32.000        2.000        0.000        1.000        0.000        0.000        0.000        0.000        0.000        0.000        9.000        0.000       48.870        0.000
   448:       33.000        2.000        0.000        0.000        0.000        0.000        1.000        0.000        0.000        0.000        9.000        0.000        7.670        0.000
   462:       34.000        1.000       84.200        0.000        0.000        0.000        0.000        0.000        1.000        0.000        0.000        0.000        0.000        0.000
   476:       35.000        2.000       16.060        0.000        0.000        0.000        0.000        0.000        1.000        0.000        5.000        0.000       13.430        0.000
   490:       36.000        1.000        0.000        0.000        0.000        0.000        0.000        0.000        0.000        0.000        4.000        0.000        2.100        0.000
   504:       37.000        1.000        0.000        0.000        0.000        0.000        0.000        0.000        0.000        0.000        1.000        0.000       17.400        0.000
   518:       38.000        2.000        0.000        0.000        0.000        0.000        0.000        0.000        0.000        0.000        0.000        1.000        0.000        0.000
   532:       39.000        2.000      135.370        0.000        0.000        0.000        0.000        0.000        1.000        0.000        0.000        0.000        0.000        0.000
   546:       40.000        1.000        0.000        0.000        0.000        0.000        0.000        0.000        0.000        0.000        2.000        0.000       70.390        0.000
   560:       41.000        1.000        0.000        0.000        0.000        0.000        0.000        0.000        0.000        0.000        5.000        0.000        3.510        0.000
   574:       42.000        2.000       91.210        0.000        0.000        0.000        0.000        0.000        1.000        0.000        0.000        0.000        0.000        0.000
   588:       43.000        1.000       16.890        0.000        2.000        0.000        0.000      304.620        1.000        0.000        1.000        0.000       24.090      575.650
   602:       47.000        1.000        1.970        0.000        2.000        0.000        0.000        1.010        1.000        0.000        0.000        0.000        0.000        0.000
   616:       48.000        1.000       20.840        0.000        0.000        0.000        0.000        0.000        1.000        0.000        0.000        0.000        0.000        0.000
   630:       49.000        1.000        0.100        0.000        2.000        0.000        0.000       12.190        1.000        0.000        0.000        0.000        0.000        0.000
   644:       50.000        1.000        8.160        0.000        2.000        0.000        0.000        0.920        1.000        0.000        0.000        0.000        0.000        0.000
K:
     0:        1.000        2.000
T:
     0:        8.170        0.930       74.180      575.660
