File: C:\MED-PC\Data\2017-11-27_10h07m_Subject 414.txt


Start Date: 11/27/17
End Date: 11/27/17
Subject: 414
Experiment: ACI JAX 11.27
Group: 0
Box: 4
Start Time: 10:07:39
End Time: 10:25:45
MSN: Discrimination Tone Training_v3
C:      17.000
D:      25.000
E:       0.000
F:       1.000
G:       2.000
H:       4.000
I:     588.000
J:       0.000
L:       0.000
M:      53.000
N:       1.000
O:       0.000
P:       0.000
Q:       0.000
R:       0.000
S:       0.000
U:       0.000
V:       0.000
W:       0.000
X:       0.000
Y:       0.000
Z:       0.000
A:
     0:     2000.000       75.000       10.000     9000.000       63.000       10.000       10.000        1.000
B:
     0:        1.000        1.000        0.000        0.000        0.000        0.000        0.000        0.000        0.000        0.000        0.000        1.000        0.000        0.000
    14:        2.000        1.000        0.000        0.000        0.000        0.000        0.000        0.000        0.000        0.000        0.000        1.000        0.000        0.000
    28:        3.000        2.000        0.000        0.000        0.000        5.000        0.000        0.000        0.000        0.000        0.000        1.000        0.000        0.000
    42:        4.000        1.000        0.000        1.000        0.000        0.000        0.000        0.000        0.000        0.000        0.000        1.000        0.000        0.000
    56:        5.000        2.000       91.260        0.000        0.000        0.000        0.000        0.000        1.000        0.000        0.000        0.000        0.000        0.000
    70:        6.000        2.000        8.330        0.000        0.000        0.000        0.000        0.000        1.000        0.000        0.000        0.000        0.000        0.000
    84:        7.000        2.000        3.400        0.000        0.000        0.000        0.000        0.000        1.000        0.000        0.000        0.000        0.000        0.000
    98:        8.000        1.000        0.000        0.000        0.000        2.000        0.000        0.000        0.000        0.000        0.000        1.000        0.000        0.000
   112:        9.000        2.000       30.220        0.000        3.000        0.000        0.000        0.000        0.000        1.000        1.000        0.000      157.970       13.730
   126:       10.000        2.000        8.740        1.000        1.000        0.000        0.000        0.000        1.000        0.000        0.000        0.000        0.000        0.000
   140:       11.000        2.000        3.690        0.000        0.000        0.000        0.000        0.000        1.000        0.000        0.000        0.000        0.000        0.000
   154:       12.000        2.000        0.000        0.000        0.000        2.000        0.000        0.000        0.000        0.000        0.000        1.000        0.000        0.000
   168:       13.000        2.000       31.090        0.000        2.000        0.000        0.000        0.000        0.000        1.000        0.000        0.000        0.000        0.000
   182:       14.000        2.000        2.910        0.000        3.000        0.000        0.000        0.000        1.000        0.000        0.000        0.000        0.000        0.000
   196:       15.000        2.000        5.290        0.000        0.000        0.000        0.000        0.000        1.000        0.000        0.000        0.000        0.000        0.000
   210:       16.000        2.000        0.240        0.000        0.000        0.000        0.000        0.000        1.000        0.000        0.000        0.000        0.000        0.000
   224:       17.000        1.000        0.000        0.000        0.000        0.000        0.000        0.000        0.000        0.000        1.000        0.000      123.710        0.000
   238:       18.000        2.000       30.420        0.000        0.000        0.000        0.000        0.000        0.000        1.000        0.000        0.000        0.000        0.000
   252:       19.000        1.000        4.280        6.000        1.000        0.000        0.000        0.000        1.000        0.000        0.000        0.000        0.000        0.000
   266:       20.000        2.000        6.190        0.000        0.000        0.000        0.000        0.000        1.000        0.000        0.000        0.000        0.000        0.000
   280:       21.000        2.000        9.160        0.000        0.000        0.000        0.000        0.000        0.000        1.000        0.000        0.000        0.000        0.000
   294:       22.000        2.000        8.170        0.000        0.000        0.000        0.000        0.000        1.000        0.000        1.000        0.000       76.790        0.000
   308:       23.000        1.000        0.000        0.000        0.000        0.000        0.000        0.000        0.000        0.000        0.000        1.000        0.000        0.000
   322:       24.000        1.000        0.000        0.000        0.000        0.000        0.000        0.000        0.000        0.000        0.000        1.000        0.000        0.000
   336:       25.000        2.000       50.060        0.000        0.000        0.000        0.000        0.000        1.000        0.000        0.000        0.000        0.000        0.000
   350:       26.000        1.000        9.090        0.000        1.000        0.000        0.000      388.510        1.000        0.000        0.000        0.000        0.000        0.000
   364:       27.000        1.000        1.360        0.000        2.000        0.000        0.000        1.040        1.000        0.000        0.000        0.000        0.000        0.000
   378:       28.000        2.000        4.120        0.000        0.000        0.000        0.000        0.000        1.000        0.000        1.000        0.000       93.630        0.000
   392:       29.000        2.000        9.240        0.000        0.000        0.000        0.000        0.000        0.000        1.000        0.000        0.000        0.000        0.000
   406:       30.000        2.000        0.000        0.000        0.000        1.000        0.000        0.000        0.000        0.000        0.000        1.000        0.000        0.000
   420:       31.000        2.000       28.780        0.000        0.000        0.000        0.000        0.000        1.000        0.000        1.000        0.000       42.270        0.000
   434:       32.000        2.000        0.000        0.000        0.000        0.000        0.000        0.000        0.000        0.000        0.000        1.000        0.000        0.000
   448:       33.000        1.000        0.000        0.000        0.000        0.000        0.000        0.000        0.000        0.000        0.000        1.000        0.000        0.000
   462:       34.000        1.000       43.180        0.000        1.000        0.000        0.000      115.290        1.000        0.000        0.000        0.000        0.000        0.000
   476:       35.000        2.000        8.560        0.000        0.000        0.000        0.000        0.000        1.000        0.000        2.000        0.000       57.160        0.000
   490:       36.000        2.000        0.000        0.000        0.000        0.000        0.000        0.000        0.000        0.000        0.000        1.000        0.000        0.000
   504:       37.000        2.000       27.040        0.000        0.000        0.000        0.000        0.000        1.000        0.000        0.000        0.000        0.000        0.000
   518:       41.000        1.000        0.000        0.000        0.000        0.000        0.000        0.000        0.000        0.000        1.000        0.000       50.110        0.000
   532:       44.000        1.000        0.000        0.000        0.000        0.000        0.000        0.000        0.000        0.000        0.000        1.000        0.000        0.000
   546:       48.000        1.000       56.630        0.000        1.000        0.000        0.000      109.580        1.000        0.000        1.000        0.000       29.330      448.980
   560:       49.000        1.000        0.770        0.000        5.000        0.000        0.000        1.100        1.000        0.000        0.000        0.000        0.000        0.000
   574:       53.000        1.000        0.000        0.000        0.000        0.000        0.000        0.000        0.000        0.000        1.000        0.000       20.360        0.000
K:
     0:        1.000        2.000
T:
     0:       20.120        1.110       20.370       14.550
