File: C:\MED-PC\Data\2017-11-25_15h14m_Subject 414.txt


Start Date: 11/25/17
End Date: 11/25/17
Subject: 414
Experiment: ACI JAX 11.25
Group: 0
Box: 4
Start Time: 15:14:46
End Time: 15:29:44
MSN: Discrimination Tone Training_v3
C:      25.000
D:      25.000
E:       0.000
F:       1.000
G:       2.000
H:       2.000
I:     700.000
J:       0.000
L:       0.000
M:      50.000
N:       2.000
O:       0.000
P:       0.000
Q:       0.000
R:       0.000
S:       0.000
U:       0.000
V:       0.000
W:       0.000
X:       0.000
Y:       0.000
Z:       0.000
A:
     0:     2000.000       75.000       15.000     9000.000       63.000       15.000       10.000        1.000
B:
     0:        1.000        2.000        0.000        0.000        0.000        0.000        0.000        0.000        0.000        0.000        5.000        0.000        5.140        0.000
    14:        2.000        1.000       26.360        0.000        1.000        0.000        0.000        0.870        1.000        0.000        0.000        0.000        0.000        0.000
    28:        3.000        1.000        1.110        0.000        1.000        0.000        0.000        0.730        1.000        0.000        0.000        0.000        0.000        0.000
    42:        4.000        1.000        0.400        0.000        1.000        0.000        0.000        1.170        1.000        0.000        0.000        0.000        0.000        0.000
    56:        5.000        2.000        0.000        0.000        0.000        0.000        1.000        0.000        0.000        0.000        3.000        0.000       38.890        0.000
    70:        6.000        2.000       40.240        0.000        0.000        0.000        0.000        0.000        0.000        1.000        0.000        0.000        0.000        0.000
    84:        7.000        2.000        5.880        0.000        0.000        0.000        0.000        0.000        1.000        0.000        0.000        0.000        0.000        0.000
    98:        8.000        1.000        0.430        0.000        1.000        0.000        0.000       29.500        1.000        0.000        0.000        0.000        0.000        0.000
   112:        9.000        1.000        0.040        0.000        3.000        0.000        0.000        0.970        1.000        0.000        0.000        0.000        0.000        0.000
   126:       10.000        2.000       10.310        0.000        0.000        0.000        0.000        0.000        1.000        0.000        3.000        0.000       65.250        0.000
   140:       11.000        1.000        8.560        0.000        4.000        0.000        0.000       20.460        1.000        0.000        0.000        0.000        0.000        0.000
   154:       12.000        2.000       11.160        0.000        0.000        0.000        0.000        0.000        1.000        0.000        3.000        0.000       23.070        0.000
   168:       13.000        1.000        0.500        0.000        2.000        0.000        0.000       12.200        1.000        0.000        0.000        0.000        0.000        0.000
   182:       14.000        1.000        0.980        0.000        2.000        0.000        0.000        3.390        1.000        0.000        0.000        0.000        0.000        0.000
   196:       15.000        1.000        0.700        0.000        2.000        0.000        0.000        0.820        1.000        0.000        0.000        0.000        0.000        0.000
   210:       16.000        1.000       11.700        1.000        0.000        0.000        0.000        0.000        1.000        0.000        0.000        0.000        0.000        0.000
   224:       17.000        1.000        9.410        1.000        4.000        0.000        0.000        0.000        1.000        0.000        0.000        0.000        0.000        0.000
   238:       18.000        2.000        0.000        0.000        0.000        0.000        0.000        0.000        0.000        0.000        3.000        0.000       80.970        0.000
   252:       19.000        2.000       40.210        0.000        0.000        0.000        0.000        0.000        0.000        1.000        4.000        0.000        0.190        0.000
   266:       20.000        2.000        8.130        0.000        0.000        0.000        0.000        0.000        1.000        0.000        1.000        0.000        3.830        0.000
   280:       21.000        1.000        0.360        0.000        5.000        0.000        0.000      103.080        1.000        0.000        0.000        0.000        0.000        0.000
   294:       22.000        1.000        2.270        1.000        2.000        0.000        0.000        0.000        1.000        0.000        0.000        0.000        0.000        0.000
   308:       23.000        2.000       13.740        3.000        0.000        0.000        0.000        0.000        1.000        0.000        2.000        0.000       30.030        0.000
   322:       24.000        2.000        9.120        0.000        0.000        0.000        0.000        0.000        1.000        0.000        3.000        0.000        0.280        0.000
   336:       25.000        2.000       10.130        0.000        0.000        0.000        0.000        0.000        1.000        0.000        1.000        0.000        5.710        0.000
   350:       26.000        1.000        3.950        0.000        1.000        0.000        0.000       81.740        1.000        0.000        0.000        0.000        0.000        0.000
   364:       27.000        1.000        0.840        0.000        3.000        0.000        0.000        0.900        1.000        0.000        0.000        0.000        0.000        0.000
   378:       28.000        2.000       14.100        0.000        2.000        0.000        0.000        0.000        0.000        1.000        6.000        0.000       27.400        0.000
   392:       29.000        1.000        1.550        0.000        1.000        0.000        0.000       13.130        1.000        0.000        0.000        0.000        0.000        0.000
   406:       30.000        1.000        2.070        0.000        2.000        0.000        0.000        0.000        1.000        0.000        0.000        0.000        0.000        0.000
   420:       31.000        1.000        0.020        0.000        1.000        0.000        0.000       12.150        1.000        0.000        0.000        0.000        0.000        0.000
   434:       32.000        1.000        0.630        0.000        2.000        0.000        0.000        0.640        1.000        0.000        0.000        0.000        0.000        0.000
   448:       33.000        2.000        0.000        0.000        0.000        0.000        0.000        0.000        0.000        0.000        0.000        1.000        0.000        0.000
   462:       34.000        2.000       29.900        0.000        0.000        0.000        0.000        0.000        1.000        0.000        0.000        0.000        0.000        0.000
   476:       35.000        1.000        1.610        0.000        3.000        0.000        0.000       13.330        1.000        0.000        0.000        0.000        0.000        0.000
   490:       36.000        2.000       14.080        0.000        0.000        0.000        0.000        0.000        0.000        1.000        1.000        0.000      102.650        0.000
   504:       37.000        1.000       10.310        0.000        0.000        0.000        0.000        0.000        1.000        0.000        1.000        0.000        5.560        0.000
   518:       38.000        2.000        5.210        0.000        0.000        0.000        0.000        0.000        1.000        0.000        0.000        0.000        0.000        0.000
   532:       39.000        2.000        5.910        0.000        0.000        0.000        0.000        0.000        1.000        0.000        1.000        0.000       18.960        0.000
   546:       40.000        2.000        6.850        0.000        0.000        0.000        0.000        0.000        1.000        0.000        1.000        0.000        2.100        0.000
   560:       41.000        1.000        1.020        0.000        2.000        0.000        0.000       85.260        1.000        0.000        0.000        0.000        0.000        0.000
   574:       42.000        2.000        8.600        0.000        0.000        0.000        0.000        0.000        1.000        0.000        0.000        0.000        0.000        0.000
   588:       43.000        2.000        0.000        0.000        0.000        0.000        0.000        0.000        0.000        0.000        0.000        1.000        0.000        0.000
   602:       44.000        2.000        0.000        0.000        0.000        0.000        0.000        0.000        0.000        0.000        1.000        0.000       59.780        0.000
   616:       45.000        2.000       52.930        0.000        0.000        0.000        0.000        0.000        1.000        0.000        0.000        0.000        0.000        0.000
   630:       46.000        2.000        7.840        0.000        0.000        0.000        0.000        0.000        1.000        0.000        3.000        0.000       13.270        0.000
   644:       47.000        1.000        0.000        0.000        2.000        0.000        0.000        0.000        0.000        0.000        1.000        0.000        7.390        0.000
   658:       48.000        1.000       27.210        0.000        1.000        0.000        0.000      122.010        1.000        0.000        0.000        0.000        0.000        0.000
   672:       49.000        1.000        0.720        0.000        1.000        0.000        0.000        0.840        1.000        0.000        0.000        0.000        0.000        0.000
   686:       50.000        2.000        8.780        0.000        0.000        0.000        0.000        0.000        1.000        0.000        4.000        0.000       24.490        0.000
K:
     0:        1.000        2.000
T:
     0:        8.790       10.010       24.500      884.000
