File: C:\MED-PC\Data\2017-11-17_10h19m_Subject 416.txt


Start Date: 11/17/17
End Date: 11/17/17
Subject: 416
Experiment: ACI JAX 11.17
Group: 0
Box: 1
Start Time: 10:19:33
End Time: 10:39:15
MSN: Discrimination Tone Training_v3
C:      23.000
D:      25.000
E:       0.000
F:       1.000
G:       2.000
H:       2.000
I:     672.000
J:       0.000
L:       0.000
M:      52.000
N:       1.000
O:       0.000
P:       0.000
Q:       0.000
R:       0.000
S:       0.000
U:       0.000
V:       0.000
W:       0.000
X:       0.000
Y:       0.000
Z:       0.000
A:
     0:     2000.000       75.000       30.000     9000.000       63.000       30.000       10.000        1.000
B:
     0:        1.000        1.000        0.000        0.000        0.000        0.000        0.000        0.000        0.000        0.000       11.000        0.000        1.790        0.000
    14:        2.000        2.000       41.390        0.000        0.000        0.000        0.000        0.000        1.000        0.000        0.000        0.000        0.000        0.000
    28:        3.000        2.000        2.590        0.000        0.000        0.000        0.000        0.000        1.000        0.000        0.000        0.000        0.000        0.000
    42:        4.000        2.000        0.950        0.000        3.000        0.000        0.000       32.680        1.000        0.000        0.000        0.000        0.000        0.000
    56:        5.000        2.000        7.320        2.000        2.000        0.000        0.000        0.000        1.000        0.000        0.000        0.000        0.000        0.000
    70:        6.000        1.000       20.010        4.000        1.000        0.000        0.000        0.000        1.000        0.000        0.000        0.000        0.000        0.000
    84:        7.000        1.000        4.180        0.000        2.000        0.000        0.000       47.270        1.000        0.000        1.000        0.000       87.230      130.820
    98:        8.000        1.000        5.380        0.000        1.000        0.000        0.000        1.070        1.000        0.000        1.000        0.000        3.390        3.060
   112:        9.000        1.000        0.070        0.000        1.000        0.000        0.000        0.970        1.000        0.000        0.000        0.000        0.000        0.000
   126:       10.000        2.000        3.730        0.000        0.000        0.000        0.000        0.000        1.000        0.000        0.000        0.000        0.000        0.000
   140:       11.000        2.000        2.850        0.000        1.000        0.000        0.000       16.080        1.000        0.000        0.000        0.000        0.000        0.000
   154:       12.000        2.000       27.550        0.000        0.000        0.000        0.000        0.000        1.000        0.000        1.000        0.000       52.570        0.000
   168:       13.000        2.000        4.250        1.000        1.000        0.000        0.000        0.000        1.000        0.000        0.000        0.000        0.000        0.000
   182:       14.000        1.000        8.860        0.000        1.000        0.000        0.000       36.060        1.000        0.000        0.000        0.000        0.000        0.000
   196:       15.000        2.000       10.820        0.000        0.000        0.000        0.000        0.000        1.000        0.000        1.000        0.000       36.770        0.000
   210:       16.000        2.000       16.750        0.000        0.000        0.000        0.000        0.000        1.000        0.000        2.000        0.000       13.280        0.000
   224:       17.000        2.000        4.830        0.000        0.000        0.000        0.000        0.000        1.000        0.000        1.000        0.000        0.850        0.000
   238:       18.000        1.000       13.880        3.000        1.000        0.000        0.000        0.000        1.000        0.000        0.000        0.000        0.000        0.000
   252:       19.000        1.000       21.480        1.000        1.000        0.000        0.000        0.000        1.000        0.000        0.000        0.000        0.000        0.000
   266:       20.000        2.000        9.510        0.000        2.000        0.000        0.000      130.710        1.000        0.000        3.000        0.000       57.610        0.000
   280:       21.000        1.000       13.480        5.000        1.000        0.000        0.000        0.000        1.000        0.000        1.000        0.000       11.430        0.000
   294:       22.000        2.000       13.400        0.000        0.000        0.000        0.000        0.000        1.000        0.000        5.000        0.000        0.140        0.000
   308:       23.000        2.000        9.690        1.000        0.000        0.000        0.000        0.000        1.000        0.000        3.000        0.000        1.080        0.000
   322:       24.000        2.000       12.800        0.000        0.000        0.000        0.000        0.000        1.000        0.000        4.000        0.000        2.070        0.000
   336:       25.000        1.000        1.950        0.000        1.000        0.000        0.000       83.310        1.000        0.000        0.000        0.000        0.000        0.000
   350:       26.000        2.000       24.860        0.000        0.000        0.000        0.000        0.000        1.000        0.000        6.000        0.000       15.720        0.000
   364:       27.000        2.000       11.410        0.000        0.000        0.000        0.000        0.000        1.000        0.000        5.000        0.000        0.040        0.000
   378:       28.000        2.000       15.990        0.000        0.000        0.000        0.000        0.000        1.000        0.000        8.000        0.000        0.860        0.000
   392:       29.000        2.000        8.880        0.000        0.000        0.000        0.000        0.000        1.000        0.000        1.000        0.000        2.300        0.000
   406:       30.000        1.000        0.580        0.000        4.000        0.000        0.000       82.140        1.000        0.000        0.000        0.000        0.000        0.000
   420:       31.000        1.000        2.820        0.000        9.000        0.000        0.000        0.000        1.000        0.000        0.000        0.000        0.000        0.000
   434:       32.000        2.000       19.950        0.000        2.000        0.000        0.000       33.190        1.000        0.000       11.000        0.000       25.870        0.000
   448:       33.000        1.000        0.430        0.000        1.000        0.000        0.000        1.290        1.000        0.000        0.000        0.000        0.000        0.000
   462:       34.000        2.000       19.700        1.000        0.000        0.000        0.000        0.000        1.000        0.000        6.000        0.000       14.880        0.000
   476:       35.000        1.000        2.990        1.000        2.000        0.000        0.000        0.000        1.000        0.000        0.000        0.000        0.000        0.000
   490:       36.000        2.000       28.010        2.000        0.000        0.000        0.000        0.000        1.000        0.000       13.000        0.000       16.390        0.000
   504:       37.000        1.000        0.290        0.000        1.000        0.000        0.000       65.730        1.000        0.000        0.000        0.000        0.000        0.000
   518:       38.000        2.000       26.530        0.000        0.000        0.000        0.000        0.000        1.000        0.000        9.000        0.000       13.320        0.000
   532:       39.000        2.000       11.310        0.000        0.000        0.000        0.000        0.000        1.000        0.000        2.000        0.000        0.310        0.000
   546:       40.000        1.000        1.220        0.000        3.000        0.000        0.000       35.690        1.000        0.000        0.000        0.000        0.000        0.000
   560:       41.000        2.000       18.800        4.000        2.000        0.000        0.000        0.000        1.000        0.000        8.000        0.000       14.420        0.000
   574:       43.000        1.000        1.830        0.000        8.000        0.000        0.000       15.680        1.000        0.000        0.000        0.000        0.000        0.000
   588:       44.000        1.000        4.960        0.000        4.000        0.000        0.000        1.120        1.000        0.000        1.000        0.000       14.900      701.030
   602:       45.000        1.000        0.960        0.000        1.000        0.000        0.000        1.130        1.000        0.000        0.000        0.000        0.000        0.000
   616:       46.000        1.000        1.250        0.000        2.000        0.000        0.000        1.000        1.000        0.000        0.000        0.000        0.000        0.000
   630:       48.000        1.000        1.380        0.000        2.000        0.000        0.000        1.150        1.000        0.000        0.000        0.000        0.000        0.000
   644:       49.000        1.000        1.430        0.000        0.000        0.000        0.000        0.000        1.000        0.000        0.000        0.000        0.000        0.000
   658:       52.000        1.000        2.170        0.000        3.000        0.000        0.000       16.380        1.000        0.000        0.000        0.000        0.000        0.000
K:
     0:        1.000        2.000
T:
     0:        2.180       16.390       64.330      701.040
