File: C:\MED-PC\Data\2017-11-20_10h25m_Subject 414.txt


Start Date: 11/20/17
End Date: 11/20/17
Subject: 414
Experiment: ACI JAX 11.20
Group: 0
Box: 4
Start Time: 10:25:12
End Time: 10:43:46
MSN: Discrimination Tone Training_v3
C:      23.000
D:      25.000
E:       0.000
F:       1.000
G:       2.000
H:       2.000
I:     672.000
J:       0.000
L:       0.000
M:      50.000
N:       1.000
O:       0.000
P:       0.000
Q:       0.000
R:       0.000
S:       0.000
U:       0.000
V:       0.000
W:       0.000
X:       0.000
Y:       0.000
Z:       0.000
A:
     0:     2000.000       75.000       15.000     9000.000       63.000       15.000       10.000        1.000
B:
     0:        1.000        2.000        0.000        0.000        0.000        0.000        0.000        0.000        0.000        0.000        0.000        1.000        0.000        0.000
    14:        2.000        1.000       30.620        0.000        2.000        0.000        0.000        1.490        1.000        0.000        0.000        0.000        0.000        0.000
    28:        3.000        1.000        7.590        0.000        6.000        0.000        0.000        0.960        1.000        0.000        0.000        0.000        0.000        0.000
    42:        4.000        1.000        0.720        0.000        0.000        0.000        0.000        0.000        1.000        0.000        0.000        0.000        0.000        0.000
    56:        5.000        2.000        0.000        0.000        0.000        0.000        0.000        0.000        0.000        0.000        1.000        0.000       78.590        0.000
    70:        6.000        1.000       28.270        0.000        1.000        0.000        0.000       47.520        1.000        0.000        0.000        0.000        0.000        0.000
    84:        7.000        2.000        0.000        0.000        0.000        0.000        0.000        0.000        0.000        0.000        2.000        0.000       15.670        0.000
    98:        8.000        2.000       26.290        0.000        0.000        0.000        0.000        0.000        1.000        0.000        0.000        0.000        0.000        0.000
   112:        9.000        2.000        0.000        3.000        0.000        0.000        2.000        0.000        0.000        0.000        4.000        0.000       18.540        0.000
   126:       10.000        1.000       33.850        2.000        1.000        0.000        0.000        0.000        1.000        0.000        0.000        0.000        0.000        0.000
   140:       11.000        1.000        0.060        0.000        1.000        0.000        0.000       57.200        1.000        0.000        0.000        0.000        0.000        0.000
   154:       12.000        1.000        1.340        0.000        1.000        0.000        0.000        0.820        1.000        0.000        0.000        0.000        0.000        0.000
   168:       13.000        2.000        0.000        0.000        0.000        0.000        0.000        0.000        0.000        0.000        2.000        0.000       42.580        0.000
   182:       14.000        2.000       34.350        0.000        0.000        0.000        0.000        0.000        1.000        0.000        1.000        0.000        0.490        0.000
   196:       15.000        1.000        0.790        0.000        1.000        0.000        0.000       12.810        1.000        0.000        0.000        0.000        0.000        0.000
   210:       16.000        1.000        0.570        0.000        1.000        0.000        0.000        0.990        1.000        0.000        0.000        0.000        0.000        0.000
   224:       17.000        2.000        9.060        0.000        0.000        0.000        0.000        0.000        1.000        0.000        0.000        0.000        0.000        0.000
   238:       18.000        2.000        0.000        0.000        0.000        0.000        1.000        0.000        0.000        0.000        4.000        0.000       46.440        0.000
   252:       19.000        1.000       27.080        0.000        1.000        0.000        0.000       39.280        1.000        0.000        0.000        0.000        0.000        0.000
   266:       20.000        2.000       12.710        0.000        0.000        0.000        0.000        0.000        1.000        0.000        3.000        0.000       12.220        0.000
   280:       21.000        2.000        9.420        0.000        0.000        0.000        0.000        0.000        1.000        0.000        1.000        0.000        0.760        0.000
   294:       22.000        2.000        0.000        2.000        0.000        0.000        0.000        0.000        0.000        0.000        6.000        0.000        0.470        0.000
   308:       23.000        1.000       28.220        0.000        4.000        0.000        0.000       60.670        1.000        0.000        0.000        0.000        0.000        0.000
   322:       24.000        2.000        0.000        1.000        2.000        0.000        0.000        0.000        0.000        0.000        5.000        0.000       16.140      353.640
   336:       25.000        2.000        0.000        0.000        0.000        0.000        0.000        0.000        0.000        0.000        8.000        0.000        0.970        0.000
   350:       26.000        1.000       53.070        0.000        1.000        0.000        0.000        9.830        1.000        0.000        0.000        0.000        0.000        0.000
   364:       27.000        1.000        3.090        1.000        1.000        0.000        0.000        0.000        1.000        0.000        0.000        0.000        0.000        0.000
   378:       28.000        2.000        0.000        2.000        0.000        0.000        0.000        0.000        0.000        0.000        4.000        0.000       31.200        0.000
   392:       29.000        1.000       26.150        0.000        1.000        0.000        0.000       38.420        1.000        0.000        0.000        0.000        0.000        0.000
   406:       30.000        1.000        0.230        0.000        1.000        0.000        0.000        0.990        1.000        0.000        0.000        0.000        0.000        0.000
   420:       31.000        1.000        3.550        0.000        2.000        0.000        0.000        0.780        1.000        0.000        0.000        0.000        0.000        0.000
   434:       32.000        2.000        0.000        0.000        0.000        0.000        0.000        0.000        0.000        0.000        5.000        0.000       38.290        0.000
   448:       33.000        2.000        0.000        0.000        0.000        0.000        0.000        0.000        0.000        0.000        0.000        1.000        0.000        0.000
   462:       34.000        2.000       64.570        0.000        0.000        0.000        0.000        0.000        1.000        0.000        2.000        0.000       28.530        0.000
   476:       35.000        2.000        0.000        1.000        0.000        0.000        1.000        0.000        0.000        0.000        5.000        0.000        2.530        0.000
   490:       36.000        1.000       33.180        0.000        2.000        0.000        0.000       44.970        1.000        0.000        1.000        0.000        3.580      223.680
   504:       37.000        2.000        0.000        2.000        0.000        0.000        7.000        0.000        0.000        0.000        3.000        0.000        0.420        0.000
   518:       38.000        2.000        0.000        0.000        0.000        0.000        0.000        0.000        0.000        0.000        4.000        0.000        0.400        0.000
   532:       39.000        2.000        0.000        0.000        0.000        0.000        0.000        0.000        0.000        0.000        3.000        0.000        8.070        0.000
   546:       40.000        2.000        0.000        0.000        0.000        0.000        0.000        0.000        0.000        0.000        7.000        0.000        1.660        0.000
   560:       41.000        2.000        0.000        2.000        0.000        0.000        1.000        0.000        0.000        0.000        0.000        1.000        0.000        0.000
   574:       42.000        2.000        0.000        0.000        0.000        0.000        0.000        0.000        0.000        0.000        5.000        0.000       33.660        0.000
   588:       44.000        1.000      166.690        0.000        1.000        0.000        0.000        1.270        1.000        0.000        2.000        0.000        0.850        0.000
   602:       45.000        1.000        2.860        0.000        0.000        0.000        0.000        0.000        1.000        0.000        0.000        0.000        0.000        0.000
   616:       47.000        1.000        4.830        1.000        1.000        0.000        0.000        0.000        1.000        0.000        0.000        0.000        0.000        0.000
   630:       48.000        1.000        1.470        0.000        1.000        0.000        0.000       30.150        1.000        0.000        0.000        0.000        0.000        0.000
   644:       49.000        1.000        1.850        0.000        1.000        0.000        0.000        0.900        1.000        0.000        0.000        0.000        0.000        0.000
   658:       50.000        1.000        9.280        1.000        0.000        0.000        0.000        0.000        1.000        0.000        0.000        0.000        0.000        0.000
K:
     0:        1.000        2.000
T:
     0:        9.290       10.010       75.430      252.720
