File: C:\MED-PC\Data\2019-02-06_12h47m_Subject 281.txt


Start Date: 02/06/19
End Date: 02/06/19
Subject: 281
Experiment: 0
Group: 0
Box: 4
Start Time: 12:47:41
End Time: 13:14:15
MSN: Discrimination Tone 2 Reward 50 Trials
C:      25.000
D:      25.000
E:       0.000
F:       1.000
G:       2.000
H:       3.000
I:     700.000
J:       0.000
L:       0.000
M:      50.000
N:       1.000
O:       0.000
P:       0.000
Q:       0.000
R:       0.000
S:       0.000
U:       0.000
V:       0.000
W:       0.000
X:       0.000
Y:       0.000
Z:       0.000
A:
     0:     2000.000       75.000       15.000     9000.000       63.000       15.000       10.000        1.000
B:
     0:        1.000        2.000        0.000        0.000        0.000        0.000        0.000        0.000        0.000        0.000        0.000        1.000        0.000        0.000
    14:        2.000        1.000        0.000        0.000        0.000        0.000        0.000        0.000        0.000        0.000        0.000        1.000        0.000        0.000
    28:        3.000        2.000        0.000        0.000        0.000        0.000        0.000        0.000        0.000        0.000        0.000        1.000        0.000        0.000
    42:        4.000        1.000        0.000        0.000        0.000        0.000        0.000        0.000        0.000        0.000       15.000        0.000       81.360        0.000
    56:        5.000        1.000        0.000        0.000        0.000        0.000        0.000        0.000        0.000        0.000        1.000        0.000        0.300        0.000
    70:        6.000        2.000        0.000        0.000        0.000        0.000        0.000        0.000        0.000        0.000        8.000        0.000        0.100        0.000
    84:        7.000        2.000        0.000        0.000        0.000        0.000        0.000        0.000        0.000        0.000        0.000        1.000        0.000        0.000
    98:        8.000        1.000        0.000        0.000        0.000        0.000        0.000        0.000        0.000        0.000        0.000        1.000        0.000        0.000
   112:        9.000        1.000        0.000        0.000        0.000        0.000        0.000        0.000        0.000        0.000        0.000        1.000        0.000        0.000
   126:       10.000        1.000        0.000        0.000        0.000        0.000        0.000        0.000        0.000        0.000        0.000        1.000        0.000        0.000
   140:       11.000        1.000        0.000        0.000        0.000        0.000        0.000        0.000        0.000        0.000        1.000        0.000      118.290        0.000
   154:       12.000        1.000        0.000        0.000        0.000        0.000        0.000        0.000        0.000        0.000        0.000        1.000        0.000        0.000
   168:       13.000        1.000        0.000        0.000        0.000        0.000        0.000        0.000        0.000        0.000        0.000        1.000        0.000        0.000
   182:       14.000        1.000        0.000        0.000        0.000        0.000        0.000        0.000        0.000        0.000        0.000        1.000        0.000        0.000
   196:       15.000        2.000      370.210        0.000        0.000        0.000        0.000        0.000        1.000        0.000        0.000        0.000        0.000        0.000
   210:       16.000        2.000        0.000        0.000        0.000        0.000        0.000        0.000        0.000        0.000        0.000        1.000        0.000        0.000
   224:       17.000        1.000        0.000        0.000        0.000        0.000        0.000        0.000        0.000        0.000        0.000        1.000        0.000        0.000
   238:       18.000        2.000        0.000        0.000        0.000        0.000        0.000        0.000        0.000        0.000        0.000        1.000        0.000        0.000
   252:       19.000        2.000        0.000        0.000        0.000        0.000        0.000        0.000        0.000        0.000        0.000        1.000        0.000        0.000
   266:       20.000        1.000        0.000        0.000        0.000        0.000        0.000        0.000        0.000        0.000        0.000        1.000        0.000        0.000
   280:       21.000        1.000        0.000        0.000        0.000        0.000        0.000        0.000        0.000        0.000        0.000        1.000        0.000        0.000
   294:       22.000        1.000        0.000        0.000        0.000        0.000        0.000        0.000        0.000        0.000        0.000        1.000        0.000        0.000
   308:       23.000        2.000        0.000        0.000        0.000        0.000        0.000        0.000        0.000        0.000        0.000        1.000        0.000        0.000
   322:       24.000        2.000        0.000        0.000        0.000        0.000        0.000        0.000        0.000        0.000        0.000        1.000        0.000        0.000
   336:       25.000        1.000        0.000        0.000        0.000        0.000        0.000        0.000        0.000        0.000        0.000        1.000        0.000        0.000
   350:       26.000        2.000        0.000        0.000        0.000        0.000        0.000        0.000        0.000        0.000        0.000        1.000        0.000        0.000
   364:       27.000        1.000      293.530        0.000        0.000        0.000        0.000        0.000        1.000        0.000        0.000        0.000        0.000        0.000
   378:       28.000        1.000        0.000        0.000        0.000        0.000        0.000        0.000        0.000        0.000        0.000        1.000        0.000        0.000
   392:       29.000        2.000        0.000        0.000        0.000        0.000        0.000        0.000        0.000        0.000        0.000        1.000        0.000        0.000
   406:       30.000        2.000        0.000        0.000        0.000        0.000        0.000        0.000        0.000        0.000        0.000        1.000        0.000        0.000
   420:       31.000        2.000       84.560        0.000        0.000        0.000        0.000        0.000        1.000        0.000        0.000        0.000        0.000        0.000
   434:       32.000        1.000        0.000        0.000        0.000        0.000        0.000        0.000        0.000        0.000        0.000        1.000        0.000        0.000
   448:       33.000        2.000        0.000        0.000        0.000        0.000        0.000        0.000        0.000        0.000        0.000        1.000        0.000        0.000
   462:       34.000        2.000        0.000        0.000        0.000        0.000        0.000        0.000        0.000        0.000        0.000        1.000        0.000        0.000
   476:       35.000        2.000        0.000        0.000        0.000        0.000        0.000        0.000        0.000        0.000        0.000        1.000        0.000        0.000
   490:       36.000        2.000        0.000        0.000        0.000        0.000        0.000        0.000        0.000        0.000        0.000        1.000        0.000        0.000
   504:       37.000        1.000        0.000        0.000        0.000        0.000        0.000        0.000        0.000        0.000        0.000        1.000        0.000        0.000
   518:       38.000        1.000        0.000        0.000        0.000        0.000        0.000        0.000        0.000        0.000        0.000        1.000        0.000        0.000
   532:       39.000        2.000        0.000        0.000        0.000        0.000        0.000        0.000        0.000        0.000        0.000        1.000        0.000        0.000
   546:       40.000        2.000        0.000        0.000        0.000        0.000        0.000        0.000        0.000        0.000        0.000        1.000        0.000        0.000
   560:       41.000        2.000        0.000        0.000        0.000        0.000        0.000        0.000        0.000        0.000        0.000        1.000        0.000        0.000
   574:       42.000        2.000        0.000        0.000        0.000        0.000        0.000        0.000        0.000        0.000        0.000        1.000        0.000        0.000
   588:       43.000        2.000        0.000        0.000        0.000        0.000        0.000        0.000        0.000        0.000        0.000        1.000        0.000        0.000
   602:       44.000        1.000        0.000        0.000        0.000        0.000        0.000        0.000        0.000        0.000        0.000        1.000        0.000        0.000
   616:       45.000        1.000        0.000        0.000        0.000        0.000        0.000        0.000        0.000        0.000        0.000        1.000        0.000        0.000
   630:       46.000        2.000        0.000        0.000        0.000        0.000        0.000        0.000        0.000        0.000        0.000        1.000        0.000        0.000
   644:       47.000        2.000        0.000        0.000        0.000        0.000        0.000        0.000        0.000        0.000        0.000        1.000        0.000        0.000
   658:       48.000        1.000        0.000        0.000        0.000        0.000        0.000        0.000        0.000        0.000        0.000        1.000        0.000        0.000
   672:       49.000        1.000        0.000        0.000        0.000        0.000        0.000        0.000        0.000        0.000        0.000        1.000        0.000        0.000
   686:       50.000        1.000        0.000        0.000        0.000        0.000        0.000        0.000        0.000        0.000        0.000        1.000        0.000        0.000
K:
     0:        1.000        2.000        1.000        2.000        1.000        2.000        1.000        2.000        1.000        2.000        1.000        2.000        1.000        2.000
    14:        1.000        2.000        1.000        2.000        1.000        2.000        1.000        2.000        1.000        2.000        1.000        2.000        1.000        2.000
    28:        1.000        2.000        1.000        2.000        1.000        2.000        1.000        2.000        1.000        2.000        1.000        2.000        1.000        2.000
    42:        1.000        2.000        1.000        2.000        1.000        2.000        1.000        2.000
T:
     0:      495.460      906.630      989.420     1195.480
