File: C:\MED-PC\Data\2019-02-07_13h59m_Subject 287.txt


Start Date: 02/07/19
End Date: 02/07/19
Subject: 287
Experiment: 0
Group: 0
Box: 2
Start Time: 13:59:47
End Time: 14:21:30
MSN: Discrimination Tone 2 Reward 50 Trials
C:      25.000
D:      25.000
E:       0.000
F:       1.000
G:       2.000
H:       3.000
I:     700.000
J:       0.000
L:       0.000
M:      50.000
N:       1.000
O:       0.000
P:       0.000
Q:       0.000
R:       0.000
S:       0.000
U:       0.000
V:       0.000
W:       0.000
X:       0.000
Y:       0.000
Z:       0.000
A:
     0:     2000.000       75.000       15.000     9000.000       63.000       15.000       10.000        1.000
B:
     0:        1.000        1.000        0.000      313.000        0.000      205.000       20.000        0.000        0.000        0.000        0.000        1.000        0.000        0.000
    14:        2.000        1.000        0.000      303.000        0.000       19.000      191.000        0.000        0.000        0.000        1.000        0.000       28.920       12.330
    28:        3.000        2.000        0.000      274.000        0.000      194.000       34.000        0.000        0.000        0.000        0.000        1.000        0.000        0.000
    42:        4.000        2.000        0.000      268.000        0.000      203.000       21.000        0.000        0.000        0.000        0.000        1.000        0.000        0.000
    56:        5.000        2.000        0.000      267.000        0.000      187.000       19.000        0.000        0.000        0.000        0.000        1.000        0.000        0.000
    70:        6.000        2.000        0.000      279.000        0.000      206.000       24.000        0.000        0.000        0.000        0.000        1.000        0.000        0.000
    84:        7.000        2.000        0.000      279.000        0.000      230.000       25.000        0.000        0.000        0.000        0.000        1.000        0.000        0.000
    98:        8.000        1.000        0.000      285.000        0.000      208.000        0.000        0.000        0.000        0.000        0.000        1.000        0.000        0.000
   112:        9.000        2.000        0.000      260.000        0.000      219.000       17.000        0.000        0.000        0.000        0.000        1.000        0.000        0.000
   126:       10.000        2.000        0.000      262.000        0.000      228.000       20.000        0.000        0.000        0.000        0.000        1.000        0.000        0.000
   140:       11.000        2.000        0.000      274.000        0.000      221.000       24.000        0.000        0.000        0.000        0.000        1.000        0.000        0.000
   154:       12.000        2.000        0.000      262.000        0.000       18.000      215.000        0.000        0.000        0.000        1.000        0.000      235.340       13.850
   168:       13.000        2.000        0.000      292.000        0.000      200.000       41.000        0.000        0.000        0.000        0.000        1.000        0.000        0.000
   182:       14.000        1.000        0.000      301.000        0.000      212.000        0.000        0.000        0.000        0.000        0.000        1.000        0.000        0.000
   196:       15.000        2.000        0.000      284.000        0.000      198.000       23.000        0.000        0.000        0.000        0.000        1.000        0.000        0.000
   210:       16.000        1.000        0.000      288.000        0.000      228.000        0.000        0.000        0.000        0.000        0.000        1.000        0.000        0.000
   224:       17.000        2.000        0.000      281.000        0.000      234.000       22.000        0.000        0.000        0.000        0.000        1.000        0.000        0.000
   238:       18.000        1.000        0.000      285.000        0.000      209.000        0.000        0.000        0.000        0.000        0.000        1.000        0.000        0.000
   252:       19.000        1.000        0.000      282.000        0.000      217.000        0.000        0.000        0.000        0.000        0.000        1.000        0.000        0.000
   266:       20.000        2.000        0.000      295.000        0.000      211.000       20.000        0.000        0.000        0.000        0.000        1.000        0.000        0.000
   280:       21.000        1.000        0.000      293.000        0.000      213.000        0.000        0.000        0.000        0.000        0.000        1.000        0.000        0.000
   294:       22.000        1.000      554.920      113.000      195.000       21.000        0.000        0.000        1.000        0.000        0.000        0.000        0.000        0.000
   308:       23.000        2.000        0.000      275.000       19.000      201.000       22.000        0.000        0.000        0.000        0.000        1.000        0.000        0.000
   322:       24.000        1.000        0.000      304.000        0.000      218.000        0.000        0.000        0.000        0.000        0.000        1.000        0.000        0.000
   336:       25.000        2.000        0.000      259.000        0.000      224.000       22.000        0.000        0.000        0.000        0.000        1.000        0.000        0.000
   350:       26.000        1.000        0.000      294.000        0.000      210.000        0.000        0.000        0.000        0.000        0.000        1.000        0.000        0.000
   364:       27.000        1.000        0.000      289.000        0.000      215.000        0.000        0.000        0.000        0.000        0.000        1.000        0.000        0.000
   378:       28.000        1.000        0.000      293.000        0.000      213.000        0.000        0.000        0.000        0.000        0.000        1.000        0.000        0.000
   392:       29.000        1.000        0.000      297.000        0.000      201.000        0.000        0.000        0.000        0.000        0.000        1.000        0.000        0.000
   406:       30.000        2.000        0.000      267.000        0.000      217.000       19.000        0.000        0.000        0.000        0.000        1.000        0.000        0.000
   420:       31.000        1.000        0.000      296.000        0.000      206.000        0.000        0.000        0.000        0.000        0.000        1.000        0.000        0.000
   434:       32.000        2.000        0.000      265.000        0.000      221.000       18.000        0.000        0.000        0.000        0.000        1.000        0.000        0.000
   448:       33.000        1.000        0.000      289.000        0.000      213.000        0.000        0.000        0.000        0.000        0.000        1.000        0.000        0.000
   462:       34.000        2.000        0.000      255.000        0.000      197.000       22.000        0.000        0.000        0.000        0.000        1.000        0.000        0.000
   476:       35.000        2.000        0.000      276.000        0.000      207.000       20.000        0.000        0.000        0.000        0.000        1.000        0.000        0.000
   490:       36.000        2.000        0.000      287.000        0.000      229.000       21.000        0.000        0.000        0.000        0.000        1.000        0.000        0.000
   504:       37.000        1.000        0.000      304.000        0.000      216.000        0.000        0.000        0.000        0.000        0.000        1.000        0.000        0.000
   518:       38.000        1.000        0.000      297.000        0.000      216.000        0.000        0.000        0.000        0.000        0.000        1.000        0.000        0.000
   532:       39.000        2.000        0.000      267.000        0.000      216.000       22.000        0.000        0.000        0.000        0.000        1.000        0.000        0.000
   546:       40.000        2.000        0.000      270.000        0.000      218.000       19.000        0.000        0.000        0.000        0.000        1.000        0.000        0.000
   560:       41.000        1.000        0.000      290.000        0.000      223.000        0.000        0.000        0.000        0.000        0.000        1.000        0.000        0.000
   574:       42.000        1.000        0.000      288.000        0.000      218.000        0.000        0.000        0.000        0.000        0.000        1.000        0.000        0.000
   588:       43.000        1.000        0.000      298.000        0.000      232.000        0.000        0.000        0.000        0.000        0.000        1.000        0.000        0.000
   602:       44.000        1.000        0.000      301.000        0.000      220.000        0.000        0.000        0.000        0.000        0.000        1.000        0.000        0.000
   616:       45.000        2.000      576.110       20.000      180.000       18.000        0.000        0.000        1.000        0.000        0.000        0.000        0.000        0.000
   630:       46.000        1.000        0.000      282.000       24.000      200.000        0.000        0.000        0.000        0.000        0.000        1.000        0.000        0.000
   644:       47.000        2.000        0.000      270.000        0.000      222.000       22.000        0.000        0.000        0.000        0.000        1.000        0.000        0.000
   658:       48.000        2.000        0.000      287.000        0.000      215.000       21.000        0.000        0.000        0.000        0.000        1.000        0.000        0.000
   672:       49.000        1.000        0.000      306.000        0.000      216.000        0.000        0.000        0.000        0.000        0.000        1.000        0.000        0.000
   686:       50.000        1.000        0.000      296.000        0.000      218.000        0.000        0.000        0.000        0.000        0.000        1.000        0.000        0.000
K:
     0:        1.000        2.000        1.000        2.000        1.000        2.000        1.000        2.000        1.000        2.000        1.000        2.000        1.000        2.000
    14:        1.000        2.000        1.000        2.000        1.000        2.000        1.000        2.000        1.000        2.000        1.000        2.000        1.000        2.000
    28:        1.000        2.000        1.000        2.000        1.000        2.000        1.000        2.000        1.000        2.000        1.000        2.000        1.000        2.000
    42:        1.000        2.000        1.000        2.000        1.000        2.000        1.000        2.000
T:
     0:      129.640      727.800      969.170       13.850
